date,1,2,3,4,5,6,8,9,10,13,14,16,17,20,22,26,28,30,31,32,33,34,35,36,37,38,39,41,42,43,44,45,46,47,48,49,50,51,52,53,54,55,56,57,58,59,60,61,62,64,65,66,67,68,69,70,71,72,74,75,76,77,78,79,80,81,82,83,84,85,86,87,88,89,90,91,93,94,95,96,97,98,99,100,101,103,107,108,109,110,111,113,114,118,119,120,122,123,124,125,126,127,129,130,131,133,134,135,136,137,138,141,143,144,145,146,147,149,150,151,152,153,154,155,156,157,158,159,160,162,164,165,167,168,169,173,175,176,177,179,180,181,182,183,185,186,187,188,189,190,191,192,193,194,195,196,197,198,199,200,201,202,203,204,205,206,207,208,209,210,211,212,213,214,215,216,217,218,220,221,222,223,224,225,228,231,232,234,235,236,237,238,240,241,242,243,244,245,246,247,248,249,250,251,252,253,254,255,256,257,258,259,260,261,262,263,264,265,266,268,269,270,271,272,273,276,277,278,279,280,282,283,284,286,287,288,289,290,291,292,293,294,295,296,297,298,299,300,301,303,304,305,306,307,308,309,310,311,312,313,314,316,318,319,320,321,323,324,325,326,327,328,329,333,334,336,337,339,340,341,343,344,345,346,347,348,349,350,351,352,353,354,355,356,357,358,359,360,361,362,363,364,365,366,367,368,369,370,371,372,373,374,375,376,377,378,379,380,381,382,383,384,385,386,387,388,391,392,393,394,395,396,397,398,399,403,404,405,407,409,413,414,416,417,418,419,420,421,422,423,424,425,426,427,428,429,430,431,432,433,434,436,437,438,439,440,441,442,443,444,445,446,447,448,449,450,451,452,453,455,456,457,458,459,460,461,463,464,471,475,476,477,501,502,503,504,505,506,507,508,509,510,511,512,513,514,515,516,517,518,519,522,523,601,602,603,604,605,606,607,608,609,610,611,612,613,614,615,616,617,618,619,620,621,622,623,624,625,626,627,628,629,630,635,636
2020-07-01,186.0,43.0,41.0,27.0,47.0,15.0,79.0,12.0,27.0,16.0,10.0,53.0,3.0,5.0,4.0,91.0,20.0,18.0,10.0,36.0,46.0,30.0,24.0,38.0,21.0,27.0,74.0,10.0,47.0,24.0,26.0,11.0,16.0,13.0,19.0,10.0,24.0,47.0,28.0,78.0,140.0,41.0,19.0,36.0,126.0,11.0,26.0,23.0,14.0,10.0,14.0,31.0,10.0,23.0,21.0,36.0,23.0,20.0,16.0,11.0,18.0,8.0,4.0,28.0,17.0,18.0,11.0,25.0,16.0,19.0,19.0,10.0,9.0,17.0,9.0,7.0,21.0,20.0,26.0,35.0,34.0,53.0,13.0,19.0,112.0,19.0,6.0,54.0,16.0,21.0,5.0,40.0,13.0,31.0,231.0,48.0,33.0,41.0,28.0,21.0,27.0,10.0,12.0,8.0,5.0,19.0,45.0,6.0,8.0,71.0,195.0,16.0,61.0,53.0,45.0,14.0,28.0,31.0,25.0,45.0,49.0,62.0,31.0,17.0,26.0,19.0,71.0,50.0,49.0,89.0,21.0,36.0,42.0,18.0,7.0,32.0,7.0,4.0,19.0,37.0,33.0,58.0,67.0,36.0,9.0,28.0,21.0,77.0,37.0,10.0,13.0,15.0,11.0,2.0,34.0,9.0,14.0,93.0,48.0,42.0,14.0,10.0,83.0,19.0,54.0,13.0,20.0,26.0,124.0,34.0,18.0,74.0,42.0,48.0,49.0,45.0,105.0,65.0,35.0,66.0,101.0,34.0,19.0,27.0,2.0,30.0,58.0,92.0,96.0,41.0,49.0,61.0,41.0,27.0,27.0,9.0,28.0,12.0,14.0,6.0,12.0,5.0,9.0,11.0,8.0,9.0,522.0,94.0,49.0,12.0,71.0,64.0,29.0,30.0,50.0,24.0,31.0,28.0,16.0,19.0,23.0,32.0,11.0,5.0,12.0,26.0,8.0,156.0,34.0,12.0,6.0,31.0,33.0,12.0,31.0,47.0,41.0,48.0,63.0,26.0,155.0,29.0,47.0,71.0,15.0,26.0,26.0,29.0,58.0,26.0,29.0,47.0,49.0,98.0,28.0,56.0,65.0,56.0,52.0,53.0,104.0,16.0,15.0,17.0,7.0,6.0,25.0,32.0,16.0,15.0,30.0,42.0,15.0,25.0,48.0,6.0,15.0,14.0,25.0,17.0,10.0,38.0,66.0,122.0,60.0,85.0,33.0,34.0,32.0,83.0,9.0,22.0,39.0,34.0,9.0,30.0,110.0,204.0,95.0,103.0,46.0,35.0,84.0,46.0,98.0,105.0,33.0,36.0,60.0,41.0,19.0,34.0,105.0,95.0,56.0,35.0,20.0,24.0,32.0,13.0,22.0,47.0,31.0,22.0,32.0,53.0,20.0,121.0,106.0,101.0,84.0,49.0,45.0,57.0,48.0,52.0,44.0,36.0,34.0,8.0,9.0,31.0,6.0,13.0,28.0,17.0,12.0,37.0,19.0,27.0,33.0,38.0,31.0,87.0,82.0,47.0,12.0,42.0,68.0,86.0,113.0,34.0,65.0,91.0,69.0,32.0,39.0,72.0,157.0,51.0,53.0,25.0,349.0,117.0,34.0,37.0,36.0,28.0,32.0,21.0,24.0,26.0,16.0,13.0,29.0,5.0,23.0,43.0,81.0,106.0,47.0,54.0,141.0,237.0,83.0,55.0,143.0,42.0,35.0,63.0,66.0,167.0,58.0,32.0,110.0,36.0,69.0,45.0,21.0,36.0,39.0,49.0,42.0,39.0,40.0,44.0,74.0,67.0,18.0,24.0,17.0,37.0,211.0,99.0,169.0,35.0,39.0,22.0,25.0,27.0,87.0,28.0,58.0,5.0,78.0,33.0,19.0,175.0,34.0,25.0,54.0,13.0,23.0,91.0,53.0
2020-08-01,187.0,43.0,41.0,27.0,47.0,15.0,79.0,12.0,27.0,16.0,10.0,53.0,3.0,5.0,4.0,95.0,20.0,19.0,10.0,36.0,46.0,30.0,24.0,38.0,21.0,27.0,74.0,10.0,47.0,24.0,26.0,11.0,16.0,13.0,19.0,10.0,24.0,47.0,28.0,78.0,140.0,41.0,19.0,36.0,126.0,11.0,26.0,23.0,14.0,10.0,14.0,31.0,10.0,23.0,22.0,37.0,23.0,20.0,16.0,11.0,18.0,8.0,4.0,28.0,17.0,18.0,11.0,25.0,16.0,19.0,20.0,10.0,9.0,17.0,9.0,7.0,21.0,20.0,27.0,35.0,35.0,53.0,13.0,19.0,112.0,19.0,6.0,57.0,16.0,21.0,6.0,40.0,14.0,31.0,232.0,49.0,34.0,45.0,28.0,21.0,27.0,10.0,12.0,8.0,5.0,19.0,45.0,6.0,8.0,71.0,195.0,16.0,61.0,53.0,45.0,14.0,28.0,31.0,25.0,45.0,49.0,63.0,31.0,17.0,26.0,19.0,71.0,50.0,49.0,89.0,21.0,36.0,42.0,18.0,7.0,33.0,7.0,4.0,20.0,38.0,33.0,59.0,67.0,36.0,9.0,28.0,21.0,77.0,37.0,10.0,13.0,15.0,11.0,2.0,34.0,9.0,14.0,93.0,48.0,42.0,14.0,10.0,83.0,19.0,54.0,13.0,20.0,26.0,124.0,34.0,18.0,74.0,42.0,48.0,49.0,46.0,106.0,66.0,35.0,66.0,101.0,34.0,19.0,27.0,2.0,30.0,58.0,92.0,97.0,41.0,49.0,61.0,41.0,27.0,27.0,9.0,28.0,12.0,14.0,6.0,12.0,5.0,9.0,11.0,8.0,9.0,533.0,95.0,49.0,12.0,72.0,64.0,29.0,30.0,51.0,24.0,31.0,28.0,16.0,20.0,24.0,32.0,11.0,5.0,12.0,26.0,8.0,160.0,35.0,12.0,6.0,33.0,34.0,12.0,31.0,47.0,41.0,48.0,63.0,26.0,155.0,30.0,47.0,73.0,16.0,26.0,26.0,29.0,58.0,26.0,29.0,47.0,49.0,98.0,28.0,56.0,65.0,56.0,52.0,54.0,104.0,16.0,15.0,17.0,7.0,6.0,25.0,32.0,16.0,15.0,30.0,42.0,15.0,25.0,50.0,6.0,15.0,14.0,25.0,17.0,10.0,39.0,67.0,122.0,60.0,87.0,34.0,34.0,32.0,83.0,9.0,22.0,39.0,34.0,9.0,30.0,114.0,204.0,95.0,104.0,48.0,36.0,84.0,46.0,98.0,106.0,33.0,36.0,60.0,42.0,19.0,34.0,105.0,95.0,56.0,35.0,20.0,24.0,32.0,13.0,22.0,47.0,32.0,22.0,32.0,53.0,20.0,121.0,106.0,101.0,84.0,49.0,45.0,57.0,48.0,52.0,44.0,36.0,34.0,8.0,9.0,34.0,6.0,13.0,28.0,18.0,12.0,37.0,20.0,27.0,33.0,39.0,31.0,87.0,82.0,47.0,13.0,42.0,68.0,87.0,113.0,35.0,65.0,92.0,69.0,32.0,39.0,72.0,158.0,51.0,54.0,25.0,355.0,118.0,34.0,37.0,36.0,29.0,33.0,21.0,25.0,26.0,18.0,13.0,29.0,5.0,23.0,44.0,81.0,106.0,47.0,54.0,141.0,237.0,83.0,55.0,143.0,42.0,35.0,63.0,66.0,167.0,58.0,32.0,110.0,36.0,69.0,46.0,21.0,36.0,39.0,49.0,42.0,39.0,40.0,44.0,74.0,67.0,18.0,24.0,17.0,37.0,211.0,99.0,169.0,35.0,39.0,22.0,25.0,27.0,87.0,28.0,58.0,5.0,79.0,33.0,19.0,175.0,34.0,25.0,54.0,13.0,23.0,94.0,53.0
2020-09-01,187.0,43.0,41.0,27.0,47.0,15.0,79.0,12.0,27.0,16.0,10.0,53.0,3.0,5.0,4.0,95.0,21.0,20.0,10.0,36.0,46.0,30.0,24.0,40.0,21.0,28.0,74.0,10.0,47.0,24.0,27.0,11.0,16.0,13.0,19.0,10.0,24.0,47.0,28.0,78.0,142.0,42.0,19.0,36.0,126.0,11.0,26.0,23.0,14.0,10.0,14.0,31.0,12.0,23.0,22.0,37.0,24.0,20.0,16.0,11.0,20.0,8.0,4.0,28.0,17.0,18.0,11.0,25.0,16.0,19.0,21.0,10.0,9.0,17.0,9.0,7.0,22.0,20.0,29.0,35.0,37.0,53.0,13.0,19.0,113.0,19.0,6.0,57.0,17.0,21.0,6.0,40.0,14.0,31.0,232.0,51.0,34.0,45.0,28.0,21.0,27.0,10.0,12.0,8.0,5.0,21.0,45.0,6.0,9.0,71.0,197.0,16.0,61.0,53.0,45.0,14.0,28.0,31.0,25.0,45.0,49.0,63.0,31.0,17.0,26.0,19.0,71.0,50.0,49.0,89.0,21.0,36.0,42.0,18.0,7.0,33.0,7.0,4.0,20.0,38.0,35.0,62.0,68.0,39.0,9.0,31.0,22.0,78.0,42.0,10.0,13.0,15.0,11.0,2.0,34.0,9.0,14.0,93.0,49.0,42.0,14.0,10.0,83.0,19.0,54.0,13.0,21.0,26.0,124.0,34.0,19.0,74.0,42.0,48.0,49.0,46.0,106.0,66.0,35.0,66.0,101.0,34.0,19.0,27.0,2.0,30.0,58.0,92.0,97.0,41.0,50.0,68.0,41.0,28.0,27.0,10.0,28.0,14.0,14.0,6.0,12.0,5.0,9.0,11.0,8.0,9.0,536.0,95.0,49.0,12.0,72.0,64.0,29.0,30.0,52.0,24.0,31.0,28.0,16.0,20.0,24.0,32.0,11.0,5.0,12.0,26.0,8.0,161.0,36.0,12.0,6.0,34.0,36.0,12.0,31.0,48.0,41.0,48.0,65.0,27.0,156.0,30.0,47.0,73.0,16.0,26.0,26.0,29.0,58.0,26.0,29.0,47.0,49.0,98.0,28.0,56.0,65.0,56.0,52.0,54.0,104.0,16.0,15.0,17.0,7.0,6.0,25.0,32.0,16.0,15.0,30.0,42.0,15.0,25.0,52.0,6.0,15.0,14.0,25.0,17.0,10.0,41.0,69.0,124.0,64.0,88.0,34.0,34.0,34.0,84.0,9.0,22.0,43.0,34.0,9.0,30.0,115.0,204.0,95.0,104.0,48.0,36.0,84.0,46.0,98.0,106.0,33.0,36.0,61.0,42.0,20.0,34.0,105.0,95.0,58.0,35.0,20.0,24.0,33.0,13.0,22.0,47.0,32.0,22.0,32.0,54.0,20.0,121.0,106.0,101.0,84.0,49.0,45.0,57.0,48.0,52.0,44.0,36.0,34.0,8.0,9.0,34.0,6.0,13.0,28.0,18.0,12.0,37.0,20.0,27.0,33.0,39.0,32.0,87.0,82.0,47.0,13.0,42.0,68.0,87.0,113.0,35.0,65.0,92.0,69.0,32.0,39.0,72.0,158.0,51.0,54.0,25.0,356.0,118.0,34.0,37.0,36.0,29.0,33.0,21.0,26.0,26.0,18.0,13.0,29.0,5.0,23.0,46.0,81.0,106.0,47.0,54.0,141.0,238.0,83.0,55.0,143.0,42.0,35.0,64.0,67.0,167.0,58.0,32.0,110.0,36.0,69.0,46.0,21.0,36.0,39.0,49.0,42.0,39.0,40.0,44.0,74.0,67.0,19.0,24.0,17.0,38.0,212.0,99.0,169.0,35.0,39.0,22.0,25.0,27.0,87.0,29.0,58.0,5.0,79.0,33.0,19.0,175.0,34.0,25.0,54.0,13.0,23.0,94.0,53.0
2020-10-01,194.0,43.0,41.0,32.0,49.0,15.0,79.0,12.0,27.0,16.0,10.0,53.0,3.0,5.0,4.0,95.0,21.0,20.0,10.0,36.0,46.0,30.0,24.0,40.0,21.0,28.0,74.0,10.0,47.0,24.0,27.0,11.0,16.0,13.0,19.0,10.0,24.0,47.0,28.0,78.0,142.0,42.0,19.0,36.0,127.0,11.0,26.0,23.0,14.0,10.0,14.0,31.0,12.0,23.0,22.0,37.0,24.0,20.0,16.0,11.0,20.0,8.0,4.0,28.0,17.0,18.0,11.0,26.0,16.0,20.0,21.0,10.0,9.0,17.0,10.0,7.0,22.0,20.0,29.0,38.0,37.0,54.0,13.0,20.0,114.0,19.0,6.0,59.0,17.0,21.0,6.0,40.0,14.0,31.0,235.0,51.0,34.0,45.0,28.0,22.0,27.0,10.0,12.0,8.0,5.0,22.0,45.0,6.0,9.0,71.0,197.0,16.0,61.0,53.0,46.0,14.0,28.0,32.0,25.0,45.0,49.0,63.0,31.0,17.0,26.0,19.0,71.0,50.0,49.0,89.0,21.0,36.0,42.0,18.0,7.0,33.0,7.0,4.0,21.0,38.0,37.0,63.0,69.0,39.0,9.0,31.0,23.0,78.0,42.0,10.0,13.0,15.0,11.0,2.0,34.0,11.0,14.0,94.0,50.0,42.0,14.0,10.0,84.0,19.0,55.0,13.0,21.0,26.0,131.0,35.0,19.0,74.0,42.0,48.0,50.0,46.0,106.0,66.0,36.0,66.0,101.0,34.0,19.0,27.0,2.0,30.0,58.0,95.0,97.0,41.0,51.0,69.0,41.0,28.0,27.0,10.0,28.0,14.0,14.0,6.0,12.0,5.0,9.0,11.0,8.0,9.0,554.0,100.0,49.0,12.0,74.0,64.0,29.0,30.0,54.0,28.0,31.0,28.0,18.0,20.0,24.0,33.0,11.0,5.0,12.0,26.0,8.0,161.0,36.0,12.0,6.0,35.0,36.0,12.0,31.0,48.0,42.0,48.0,65.0,27.0,157.0,31.0,47.0,73.0,16.0,26.0,26.0,29.0,58.0,26.0,29.0,47.0,49.0,99.0,28.0,56.0,65.0,56.0,52.0,54.0,104.0,16.0,15.0,17.0,7.0,6.0,25.0,32.0,16.0,15.0,31.0,42.0,15.0,25.0,52.0,6.0,15.0,14.0,25.0,17.0,10.0,41.0,69.0,124.0,64.0,89.0,34.0,34.0,35.0,86.0,9.0,22.0,44.0,34.0,9.0,30.0,115.0,204.0,97.0,104.0,48.0,36.0,84.0,47.0,99.0,107.0,33.0,36.0,62.0,43.0,20.0,36.0,105.0,96.0,58.0,35.0,20.0,24.0,33.0,13.0,22.0,47.0,32.0,22.0,32.0,54.0,20.0,121.0,106.0,105.0,84.0,49.0,45.0,57.0,48.0,52.0,44.0,36.0,34.0,8.0,9.0,34.0,6.0,13.0,28.0,18.0,12.0,37.0,20.0,27.0,33.0,39.0,32.0,87.0,83.0,48.0,13.0,42.0,68.0,87.0,117.0,36.0,65.0,92.0,70.0,32.0,39.0,72.0,158.0,51.0,55.0,25.0,377.0,118.0,34.0,38.0,36.0,31.0,33.0,21.0,26.0,29.0,18.0,13.0,32.0,5.0,23.0,47.0,81.0,109.0,47.0,54.0,142.0,238.0,84.0,55.0,143.0,42.0,35.0,64.0,67.0,167.0,58.0,32.0,110.0,36.0,70.0,46.0,21.0,36.0,39.0,49.0,42.0,39.0,40.0,44.0,74.0,67.0,19.0,24.0,17.0,38.0,212.0,99.0,169.0,35.0,39.0,22.0,25.0,27.0,88.0,29.0,58.0,5.0,79.0,33.0,19.0,175.0,34.0,25.0,54.0,13.0,23.0,95.0,53.0
2020-11-01,197.0,44.0,41.0,33.0,49.0,15.0,79.0,12.0,27.0,16.0,10.0,53.0,3.0,5.0,4.0,95.0,21.0,20.0,10.0,36.0,46.0,30.0,24.0,43.0,24.0,28.0,74.0,10.0,47.0,24.0,27.0,11.0,16.0,13.0,19.0,10.0,24.0,49.0,30.0,82.0,144.0,42.0,19.0,36.0,128.0,11.0,26.0,23.0,14.0,10.0,14.0,31.0,12.0,23.0,22.0,37.0,24.0,20.0,16.0,11.0,21.0,8.0,4.0,28.0,17.0,18.0,11.0,26.0,16.0,20.0,21.0,10.0,9.0,17.0,11.0,7.0,22.0,23.0,29.0,38.0,37.0,54.0,18.0,20.0,114.0,19.0,6.0,60.0,17.0,21.0,6.0,41.0,14.0,31.0,235.0,51.0,34.0,46.0,28.0,22.0,31.0,10.0,12.0,8.0,5.0,22.0,45.0,6.0,9.0,71.0,199.0,16.0,61.0,53.0,46.0,14.0,28.0,32.0,25.0,45.0,51.0,63.0,31.0,17.0,26.0,19.0,71.0,50.0,49.0,89.0,22.0,36.0,42.0,18.0,7.0,33.0,7.0,4.0,21.0,38.0,37.0,63.0,69.0,39.0,9.0,31.0,23.0,84.0,43.0,10.0,13.0,15.0,11.0,2.0,34.0,11.0,14.0,94.0,50.0,42.0,14.0,10.0,84.0,19.0,55.0,13.0,21.0,26.0,131.0,35.0,19.0,74.0,42.0,48.0,51.0,46.0,106.0,66.0,36.0,66.0,102.0,34.0,19.0,27.0,2.0,30.0,58.0,95.0,98.0,41.0,52.0,70.0,41.0,28.0,27.0,10.0,28.0,15.0,14.0,6.0,12.0,5.0,9.0,11.0,8.0,9.0,564.0,101.0,49.0,12.0,74.0,64.0,29.0,30.0,54.0,29.0,31.0,28.0,19.0,20.0,25.0,33.0,11.0,5.0,12.0,26.0,8.0,164.0,36.0,12.0,6.0,37.0,36.0,12.0,31.0,48.0,42.0,48.0,66.0,27.0,157.0,31.0,47.0,73.0,16.0,26.0,26.0,29.0,58.0,26.0,29.0,47.0,49.0,99.0,28.0,57.0,65.0,56.0,52.0,54.0,105.0,16.0,15.0,17.0,7.0,6.0,25.0,32.0,16.0,15.0,31.0,42.0,15.0,25.0,52.0,6.0,15.0,14.0,25.0,17.0,10.0,43.0,69.0,129.0,65.0,90.0,34.0,34.0,36.0,86.0,9.0,22.0,44.0,34.0,9.0,30.0,116.0,204.0,97.0,104.0,48.0,36.0,84.0,47.0,99.0,107.0,33.0,36.0,62.0,43.0,20.0,36.0,105.0,96.0,58.0,35.0,20.0,24.0,33.0,13.0,22.0,47.0,32.0,22.0,32.0,54.0,20.0,121.0,106.0,105.0,84.0,49.0,45.0,57.0,48.0,52.0,44.0,36.0,34.0,8.0,9.0,34.0,6.0,13.0,28.0,18.0,12.0,37.0,20.0,27.0,34.0,39.0,32.0,88.0,84.0,48.0,14.0,44.0,68.0,88.0,117.0,36.0,65.0,92.0,70.0,32.0,39.0,72.0,158.0,51.0,55.0,25.0,380.0,118.0,34.0,38.0,36.0,32.0,34.0,21.0,26.0,29.0,19.0,13.0,32.0,5.0,23.0,57.0,81.0,109.0,47.0,54.0,142.0,238.0,84.0,55.0,143.0,42.0,35.0,64.0,67.0,167.0,58.0,32.0,110.0,36.0,70.0,46.0,21.0,36.0,39.0,49.0,42.0,39.0,40.0,44.0,74.0,67.0,19.0,24.0,17.0,38.0,212.0,99.0,169.0,35.0,39.0,22.0,25.0,27.0,88.0,29.0,61.0,5.0,79.0,33.0,19.0,175.0,34.0,25.0,54.0,13.0,27.0,95.0,53.0
2020-12-01,197.0,44.0,41.0,33.0,49.0,15.0,79.0,12.0,27.0,16.0,10.0,53.0,3.0,5.0,4.0,107.0,25.0,22.0,10.0,36.0,49.0,30.0,24.0,43.0,24.0,32.0,83.0,10.0,47.0,24.0,27.0,11.0,16.0,13.0,19.0,10.0,24.0,49.0,33.0,92.0,148.0,42.0,24.0,37.0,132.0,11.0,26.0,27.0,14.0,10.0,15.0,44.0,16.0,23.0,22.0,37.0,24.0,20.0,16.0,11.0,21.0,8.0,4.0,28.0,17.0,18.0,11.0,26.0,16.0,20.0,21.0,10.0,9.0,20.0,11.0,7.0,27.0,23.0,29.0,41.0,37.0,54.0,22.0,20.0,121.0,19.0,6.0,60.0,17.0,21.0,6.0,41.0,17.0,31.0,235.0,58.0,34.0,46.0,28.0,22.0,31.0,10.0,12.0,8.0,7.0,22.0,45.0,6.0,11.0,72.0,213.0,17.0,61.0,53.0,46.0,14.0,28.0,32.0,25.0,45.0,51.0,63.0,31.0,17.0,26.0,19.0,71.0,50.0,49.0,89.0,22.0,36.0,42.0,18.0,7.0,34.0,7.0,7.0,21.0,42.0,48.0,65.0,69.0,40.0,9.0,31.0,23.0,84.0,48.0,10.0,13.0,15.0,11.0,2.0,34.0,11.0,14.0,94.0,50.0,42.0,14.0,10.0,84.0,19.0,55.0,13.0,21.0,26.0,131.0,35.0,19.0,74.0,42.0,48.0,51.0,46.0,106.0,66.0,36.0,66.0,102.0,34.0,19.0,27.0,2.0,30.0,58.0,95.0,99.0,43.0,54.0,75.0,41.0,28.0,30.0,13.0,28.0,15.0,14.0,6.0,12.0,5.0,14.0,11.0,8.0,9.0,565.0,101.0,49.0,12.0,78.0,64.0,29.0,30.0,54.0,29.0,31.0,28.0,19.0,20.0,25.0,33.0,11.0,5.0,12.0,26.0,8.0,164.0,36.0,12.0,6.0,37.0,37.0,12.0,31.0,54.0,42.0,52.0,78.0,27.0,157.0,31.0,47.0,73.0,16.0,26.0,26.0,29.0,58.0,26.0,29.0,47.0,49.0,99.0,28.0,57.0,65.0,56.0,52.0,54.0,105.0,16.0,15.0,17.0,7.0,6.0,25.0,32.0,16.0,15.0,31.0,42.0,15.0,25.0,54.0,6.0,15.0,17.0,25.0,22.0,10.0,43.0,70.0,129.0,74.0,92.0,34.0,34.0,42.0,86.0,9.0,24.0,44.0,34.0,14.0,39.0,119.0,204.0,97.0,104.0,48.0,36.0,84.0,47.0,99.0,107.0,33.0,36.0,62.0,43.0,20.0,36.0,105.0,96.0,58.0,35.0,21.0,24.0,33.0,13.0,22.0,48.0,32.0,22.0,32.0,54.0,20.0,121.0,106.0,105.0,84.0,49.0,45.0,57.0,48.0,52.0,44.0,36.0,34.0,8.0,9.0,34.0,6.0,13.0,28.0,18.0,12.0,37.0,20.0,27.0,34.0,39.0,32.0,90.0,84.0,49.0,14.0,44.0,68.0,88.0,117.0,36.0,65.0,92.0,70.0,32.0,39.0,72.0,158.0,51.0,55.0,25.0,384.0,118.0,34.0,38.0,36.0,32.0,34.0,21.0,26.0,29.0,19.0,13.0,32.0,5.0,23.0,57.0,81.0,109.0,47.0,54.0,142.0,238.0,84.0,55.0,143.0,42.0,35.0,64.0,67.0,167.0,58.0,32.0,110.0,37.0,70.0,46.0,21.0,36.0,40.0,49.0,42.0,39.0,40.0,44.0,74.0,67.0,19.0,24.0,17.0,38.0,212.0,99.0,169.0,35.0,39.0,22.0,25.0,27.0,88.0,29.0,61.0,5.0,79.0,33.0,19.0,175.0,36.0,27.0,54.0,13.0,27.0,95.0,53.0
2021-01-01,197.0,44.0,41.0,33.0,49.0,15.0,79.0,12.0,27.0,16.0,10.0,53.0,3.0,5.0,4.0,107.0,25.0,22.0,10.0,36.0,49.0,30.0,24.0,43.0,24.0,32.0,83.0,10.0,47.0,24.0,27.0,11.0,16.0,13.0,19.0,10.0,24.0,49.0,33.0,92.0,148.0,42.0,24.0,37.0,132.0,11.0,26.0,27.0,14.0,10.0,15.0,44.0,16.0,23.0,22.0,37.0,24.0,20.0,16.0,11.0,21.0,8.0,4.0,28.0,17.0,18.0,11.0,26.0,16.0,20.0,21.0,10.0,9.0,20.0,11.0,7.0,27.0,23.0,29.0,41.0,37.0,54.0,22.0,20.0,121.0,19.0,6.0,60.0,17.0,21.0,6.0,41.0,17.0,31.0,235.0,58.0,34.0,46.0,28.0,22.0,31.0,10.0,12.0,8.0,7.0,22.0,45.0,6.0,11.0,72.0,213.0,17.0,61.0,53.0,46.0,14.0,28.0,32.0,25.0,45.0,51.0,63.0,31.0,17.0,26.0,19.0,71.0,50.0,49.0,89.0,22.0,36.0,42.0,18.0,7.0,34.0,7.0,7.0,21.0,42.0,48.0,65.0,69.0,40.0,9.0,31.0,23.0,84.0,48.0,10.0,13.0,15.0,11.0,2.0,34.0,11.0,14.0,94.0,50.0,42.0,14.0,10.0,84.0,19.0,55.0,13.0,21.0,26.0,131.0,35.0,19.0,74.0,42.0,48.0,51.0,46.0,106.0,66.0,36.0,66.0,102.0,34.0,19.0,27.0,2.0,30.0,58.0,95.0,99.0,43.0,54.0,75.0,41.0,28.0,30.0,13.0,28.0,15.0,14.0,6.0,12.0,5.0,14.0,11.0,8.0,9.0,566.0,101.0,49.0,12.0,78.0,64.0,29.0,30.0,54.0,29.0,31.0,28.0,19.0,20.0,25.0,33.0,11.0,5.0,12.0,26.0,8.0,164.0,36.0,12.0,6.0,37.0,37.0,12.0,31.0,54.0,42.0,52.0,78.0,27.0,157.0,31.0,47.0,73.0,16.0,26.0,26.0,29.0,58.0,26.0,29.0,47.0,49.0,99.0,28.0,57.0,65.0,56.0,52.0,54.0,105.0,16.0,15.0,17.0,7.0,6.0,25.0,32.0,16.0,15.0,31.0,42.0,15.0,25.0,54.0,6.0,15.0,17.0,25.0,22.0,10.0,43.0,70.0,129.0,74.0,92.0,34.0,34.0,42.0,86.0,9.0,24.0,44.0,34.0,14.0,39.0,119.0,204.0,97.0,104.0,48.0,36.0,84.0,47.0,99.0,107.0,33.0,36.0,62.0,43.0,20.0,36.0,105.0,96.0,58.0,35.0,21.0,24.0,33.0,13.0,22.0,48.0,32.0,22.0,32.0,54.0,20.0,121.0,106.0,105.0,84.0,49.0,45.0,57.0,48.0,52.0,44.0,36.0,34.0,8.0,9.0,34.0,6.0,13.0,28.0,18.0,12.0,37.0,20.0,28.0,34.0,39.0,32.0,90.0,84.0,49.0,14.0,44.0,68.0,88.0,117.0,36.0,65.0,92.0,70.0,32.0,39.0,72.0,158.0,51.0,55.0,25.0,384.0,118.0,34.0,38.0,36.0,32.0,34.0,21.0,26.0,29.0,19.0,13.0,32.0,5.0,23.0,57.0,81.0,109.0,47.0,54.0,143.0,238.0,84.0,55.0,143.0,42.0,35.0,64.0,67.0,167.0,58.0,32.0,110.0,37.0,70.0,46.0,21.0,36.0,40.0,49.0,42.0,39.0,40.0,44.0,74.0,67.0,19.0,24.0,17.0,38.0,212.0,99.0,169.0,35.0,39.0,22.0,25.0,27.0,88.0,29.0,61.0,5.0,79.0,33.0,19.0,175.0,36.0,27.0,54.0,13.0,27.0,95.0,53.0
2021-02-01,197.0,44.0,41.0,33.0,49.0,15.0,79.0,12.0,27.0,16.0,10.0,53.0,3.0,5.0,4.0,107.0,25.0,22.0,10.0,36.0,49.0,30.0,24.0,43.0,24.0,32.0,83.0,10.0,47.0,24.0,27.0,11.0,16.0,13.0,19.0,10.0,24.0,49.0,33.0,92.0,148.0,42.0,24.0,37.0,132.0,11.0,26.0,27.0,14.0,10.0,15.0,44.0,16.0,23.0,22.0,37.0,24.0,20.0,16.0,11.0,21.0,8.0,4.0,28.0,17.0,18.0,11.0,26.0,16.0,20.0,21.0,10.0,9.0,20.0,11.0,7.0,27.0,23.0,29.0,41.0,37.0,54.0,22.0,20.0,121.0,19.0,6.0,60.0,17.0,21.0,6.0,41.0,17.0,31.0,235.0,58.0,34.0,46.0,28.0,22.0,31.0,10.0,12.0,8.0,7.0,22.0,45.0,6.0,11.0,72.0,213.0,17.0,61.0,53.0,46.0,14.0,28.0,32.0,25.0,45.0,51.0,63.0,31.0,17.0,26.0,19.0,71.0,50.0,49.0,89.0,22.0,36.0,42.0,18.0,7.0,34.0,7.0,7.0,21.0,42.0,48.0,65.0,69.0,40.0,9.0,31.0,23.0,84.0,48.0,10.0,13.0,15.0,11.0,2.0,34.0,11.0,14.0,94.0,50.0,42.0,14.0,10.0,84.0,19.0,55.0,13.0,21.0,26.0,131.0,35.0,19.0,74.0,42.0,48.0,51.0,46.0,106.0,66.0,36.0,66.0,102.0,34.0,19.0,27.0,2.0,30.0,58.0,95.0,99.0,43.0,54.0,75.0,41.0,28.0,30.0,13.0,28.0,15.0,14.0,6.0,12.0,7.0,14.0,11.0,8.0,9.0,566.0,101.0,49.0,12.0,78.0,64.0,29.0,30.0,54.0,29.0,31.0,32.0,20.0,20.0,25.0,33.0,11.0,5.0,12.0,26.0,8.0,164.0,36.0,12.0,6.0,37.0,37.0,12.0,31.0,54.0,42.0,52.0,78.0,27.0,157.0,31.0,47.0,73.0,16.0,26.0,26.0,29.0,58.0,26.0,29.0,47.0,49.0,99.0,28.0,57.0,65.0,56.0,52.0,54.0,105.0,16.0,15.0,17.0,7.0,6.0,25.0,32.0,16.0,15.0,31.0,42.0,15.0,25.0,55.0,6.0,16.0,17.0,25.0,22.0,10.0,43.0,70.0,129.0,74.0,92.0,34.0,34.0,44.0,86.0,9.0,24.0,44.0,34.0,14.0,39.0,119.0,204.0,97.0,104.0,48.0,36.0,84.0,47.0,99.0,107.0,33.0,36.0,62.0,43.0,20.0,36.0,105.0,96.0,58.0,35.0,21.0,24.0,33.0,13.0,22.0,48.0,32.0,22.0,32.0,54.0,20.0,121.0,106.0,105.0,84.0,49.0,45.0,57.0,48.0,52.0,44.0,36.0,34.0,8.0,9.0,34.0,6.0,13.0,28.0,18.0,12.0,37.0,20.0,28.0,34.0,39.0,32.0,90.0,84.0,49.0,14.0,45.0,68.0,88.0,117.0,36.0,65.0,92.0,70.0,32.0,39.0,72.0,158.0,51.0,55.0,25.0,384.0,118.0,34.0,38.0,36.0,32.0,34.0,21.0,26.0,29.0,19.0,13.0,32.0,5.0,23.0,57.0,81.0,109.0,47.0,54.0,143.0,238.0,84.0,55.0,143.0,42.0,35.0,64.0,67.0,167.0,58.0,32.0,110.0,37.0,70.0,46.0,21.0,36.0,40.0,49.0,42.0,39.0,40.0,44.0,74.0,67.0,19.0,24.0,17.0,38.0,212.0,99.0,169.0,35.0,39.0,22.0,25.0,27.0,88.0,29.0,61.0,5.0,79.0,33.0,19.0,175.0,36.0,27.0,54.0,13.0,27.0,96.0,53.0
2021-03-01,197.0,44.0,41.0,33.0,49.0,15.0,79.0,12.0,27.0,16.0,10.0,53.0,3.0,5.0,4.0,107.0,25.0,22.0,10.0,36.0,49.0,30.0,24.0,43.0,24.0,32.0,83.0,10.0,47.0,24.0,27.0,11.0,16.0,13.0,19.0,10.0,24.0,49.0,33.0,92.0,148.0,42.0,24.0,37.0,135.0,11.0,26.0,27.0,14.0,10.0,15.0,44.0,16.0,23.0,22.0,37.0,24.0,20.0,16.0,11.0,21.0,8.0,4.0,28.0,17.0,18.0,11.0,26.0,16.0,20.0,21.0,10.0,9.0,20.0,11.0,7.0,27.0,23.0,29.0,41.0,37.0,54.0,22.0,20.0,121.0,19.0,6.0,60.0,17.0,21.0,6.0,41.0,17.0,31.0,235.0,58.0,34.0,46.0,28.0,22.0,31.0,10.0,12.0,8.0,7.0,22.0,45.0,6.0,11.0,72.0,213.0,17.0,61.0,53.0,46.0,14.0,28.0,32.0,25.0,45.0,51.0,63.0,31.0,17.0,26.0,19.0,71.0,50.0,49.0,89.0,22.0,36.0,42.0,18.0,7.0,34.0,7.0,7.0,21.0,42.0,48.0,65.0,69.0,40.0,9.0,31.0,23.0,84.0,48.0,10.0,13.0,15.0,11.0,2.0,34.0,11.0,14.0,94.0,50.0,42.0,14.0,10.0,84.0,19.0,55.0,13.0,21.0,26.0,131.0,35.0,19.0,74.0,42.0,48.0,51.0,46.0,106.0,66.0,36.0,66.0,102.0,34.0,19.0,27.0,2.0,30.0,58.0,95.0,100.0,43.0,54.0,75.0,41.0,28.0,30.0,13.0,28.0,15.0,14.0,6.0,12.0,7.0,14.0,11.0,8.0,9.0,566.0,101.0,49.0,12.0,78.0,64.0,29.0,30.0,54.0,29.0,31.0,32.0,20.0,20.0,25.0,33.0,11.0,5.0,12.0,26.0,8.0,164.0,36.0,12.0,6.0,37.0,37.0,12.0,31.0,55.0,42.0,52.0,78.0,27.0,157.0,31.0,47.0,73.0,16.0,26.0,26.0,29.0,58.0,26.0,29.0,47.0,49.0,99.0,28.0,57.0,65.0,56.0,52.0,54.0,105.0,16.0,15.0,17.0,7.0,6.0,25.0,32.0,16.0,15.0,31.0,42.0,15.0,25.0,55.0,6.0,16.0,17.0,25.0,22.0,10.0,43.0,70.0,129.0,74.0,92.0,34.0,34.0,44.0,86.0,9.0,24.0,44.0,34.0,14.0,39.0,119.0,204.0,97.0,104.0,48.0,36.0,84.0,47.0,99.0,107.0,33.0,36.0,62.0,43.0,20.0,36.0,105.0,96.0,58.0,35.0,21.0,24.0,33.0,13.0,22.0,48.0,32.0,22.0,32.0,54.0,20.0,121.0,106.0,105.0,84.0,49.0,45.0,57.0,48.0,52.0,44.0,36.0,34.0,8.0,9.0,34.0,6.0,13.0,28.0,18.0,12.0,37.0,20.0,28.0,34.0,39.0,32.0,90.0,84.0,49.0,14.0,45.0,68.0,88.0,117.0,36.0,65.0,92.0,70.0,32.0,39.0,72.0,158.0,51.0,55.0,25.0,384.0,118.0,34.0,38.0,36.0,32.0,34.0,21.0,26.0,29.0,19.0,13.0,32.0,5.0,23.0,57.0,81.0,109.0,47.0,54.0,143.0,238.0,84.0,55.0,143.0,42.0,35.0,64.0,67.0,167.0,58.0,32.0,110.0,37.0,70.0,46.0,21.0,36.0,40.0,49.0,42.0,39.0,41.0,44.0,74.0,67.0,19.0,24.0,17.0,38.0,212.0,99.0,169.0,35.0,39.0,22.0,25.0,27.0,88.0,29.0,61.0,5.0,79.0,33.0,19.0,175.0,36.0,27.0,54.0,13.0,27.0,96.0,53.0
2021-04-01,197.0,44.0,41.0,33.0,49.0,15.0,79.0,12.0,27.0,16.0,10.0,53.0,3.0,5.0,4.0,107.0,26.0,22.0,10.0,36.0,49.0,30.0,24.0,43.0,24.0,32.0,83.0,10.0,47.0,24.0,27.0,11.0,16.0,13.0,19.0,10.0,24.0,49.0,33.0,92.0,148.0,42.0,24.0,37.0,135.0,11.0,26.0,27.0,14.0,10.0,15.0,44.0,16.0,23.0,22.0,37.0,24.0,20.0,16.0,11.0,21.0,8.0,4.0,28.0,17.0,18.0,11.0,29.0,16.0,20.0,21.0,10.0,9.0,20.0,11.0,7.0,27.0,23.0,29.0,41.0,37.0,54.0,22.0,20.0,121.0,19.0,6.0,71.0,17.0,21.0,6.0,41.0,17.0,31.0,235.0,58.0,34.0,46.0,28.0,22.0,31.0,10.0,12.0,8.0,7.0,22.0,45.0,6.0,11.0,72.0,213.0,17.0,61.0,53.0,46.0,14.0,28.0,32.0,25.0,45.0,51.0,63.0,31.0,17.0,26.0,19.0,71.0,50.0,49.0,89.0,22.0,36.0,42.0,18.0,7.0,34.0,7.0,7.0,21.0,42.0,48.0,65.0,69.0,40.0,9.0,31.0,23.0,84.0,48.0,10.0,13.0,15.0,11.0,2.0,34.0,11.0,14.0,94.0,50.0,42.0,14.0,10.0,84.0,19.0,55.0,13.0,21.0,26.0,131.0,35.0,19.0,74.0,42.0,48.0,51.0,46.0,106.0,66.0,36.0,66.0,102.0,34.0,19.0,27.0,2.0,30.0,58.0,95.0,100.0,43.0,54.0,75.0,41.0,28.0,30.0,13.0,28.0,15.0,14.0,6.0,12.0,7.0,14.0,11.0,8.0,9.0,567.0,101.0,49.0,12.0,78.0,64.0,30.0,30.0,54.0,29.0,39.0,32.0,20.0,20.0,25.0,33.0,11.0,5.0,12.0,26.0,8.0,164.0,36.0,12.0,6.0,37.0,37.0,12.0,31.0,55.0,42.0,52.0,78.0,27.0,157.0,31.0,47.0,73.0,16.0,26.0,26.0,29.0,58.0,26.0,29.0,47.0,49.0,99.0,28.0,57.0,65.0,56.0,52.0,54.0,105.0,16.0,15.0,17.0,7.0,6.0,25.0,32.0,16.0,15.0,31.0,42.0,15.0,25.0,55.0,6.0,16.0,17.0,25.0,22.0,10.0,43.0,70.0,129.0,74.0,92.0,34.0,34.0,44.0,90.0,9.0,24.0,44.0,34.0,14.0,39.0,119.0,204.0,97.0,104.0,48.0,36.0,84.0,47.0,99.0,107.0,33.0,36.0,62.0,43.0,20.0,36.0,105.0,96.0,58.0,35.0,21.0,24.0,33.0,13.0,22.0,48.0,32.0,22.0,32.0,54.0,20.0,121.0,106.0,105.0,84.0,49.0,45.0,57.0,48.0,52.0,44.0,36.0,34.0,8.0,9.0,34.0,6.0,13.0,28.0,18.0,12.0,37.0,20.0,28.0,34.0,39.0,32.0,90.0,84.0,49.0,14.0,45.0,68.0,88.0,117.0,36.0,65.0,92.0,70.0,32.0,39.0,72.0,158.0,51.0,55.0,25.0,384.0,118.0,35.0,38.0,36.0,32.0,34.0,21.0,26.0,29.0,19.0,13.0,32.0,5.0,23.0,57.0,83.0,109.0,47.0,54.0,143.0,238.0,84.0,55.0,143.0,42.0,35.0,64.0,67.0,167.0,58.0,32.0,110.0,37.0,70.0,46.0,21.0,36.0,40.0,49.0,42.0,39.0,41.0,44.0,74.0,67.0,19.0,24.0,17.0,38.0,212.0,99.0,169.0,35.0,39.0,22.0,25.0,27.0,88.0,29.0,61.0,5.0,79.0,33.0,19.0,175.0,36.0,27.0,54.0,13.0,27.0,96.0,53.0
2021-05-01,197.0,44.0,41.0,33.0,49.0,15.0,79.0,12.0,27.0,16.0,10.0,53.0,3.0,5.0,4.0,107.0,26.0,22.0,10.0,36.0,49.0,30.0,24.0,43.0,24.0,32.0,83.0,10.0,47.0,24.0,27.0,11.0,16.0,13.0,19.0,10.0,24.0,49.0,33.0,92.0,148.0,42.0,24.0,37.0,135.0,11.0,26.0,27.0,14.0,10.0,15.0,44.0,16.0,23.0,22.0,37.0,24.0,20.0,16.0,11.0,21.0,8.0,4.0,28.0,17.0,18.0,11.0,29.0,16.0,20.0,21.0,10.0,9.0,20.0,11.0,7.0,27.0,23.0,29.0,41.0,37.0,54.0,22.0,20.0,121.0,19.0,6.0,71.0,17.0,21.0,6.0,41.0,17.0,31.0,235.0,58.0,34.0,46.0,28.0,22.0,31.0,10.0,12.0,8.0,7.0,22.0,45.0,6.0,11.0,72.0,213.0,17.0,61.0,53.0,46.0,14.0,28.0,32.0,25.0,45.0,51.0,63.0,31.0,17.0,26.0,19.0,71.0,50.0,49.0,89.0,22.0,36.0,42.0,18.0,7.0,34.0,7.0,7.0,21.0,42.0,48.0,65.0,69.0,40.0,9.0,31.0,23.0,84.0,48.0,10.0,13.0,15.0,11.0,2.0,34.0,11.0,14.0,94.0,50.0,42.0,14.0,10.0,84.0,19.0,55.0,13.0,21.0,26.0,131.0,35.0,19.0,74.0,42.0,48.0,51.0,46.0,106.0,66.0,36.0,66.0,102.0,34.0,19.0,27.0,2.0,30.0,58.0,95.0,100.0,43.0,54.0,75.0,41.0,28.0,30.0,13.0,28.0,15.0,14.0,6.0,12.0,7.0,14.0,11.0,8.0,9.0,567.0,101.0,49.0,12.0,78.0,64.0,30.0,30.0,54.0,29.0,39.0,32.0,20.0,20.0,25.0,33.0,11.0,5.0,12.0,26.0,8.0,164.0,36.0,12.0,6.0,37.0,37.0,12.0,31.0,55.0,42.0,52.0,78.0,27.0,157.0,31.0,47.0,73.0,16.0,26.0,26.0,29.0,58.0,26.0,29.0,47.0,49.0,99.0,28.0,57.0,65.0,56.0,52.0,54.0,105.0,16.0,15.0,17.0,7.0,6.0,25.0,32.0,16.0,15.0,31.0,42.0,15.0,25.0,55.0,6.0,16.0,17.0,25.0,22.0,10.0,43.0,70.0,129.0,74.0,92.0,34.0,34.0,44.0,90.0,9.0,24.0,44.0,34.0,14.0,39.0,119.0,204.0,97.0,104.0,48.0,36.0,84.0,47.0,99.0,107.0,33.0,36.0,62.0,43.0,20.0,36.0,105.0,96.0,58.0,35.0,21.0,24.0,33.0,13.0,22.0,48.0,32.0,22.0,32.0,54.0,20.0,121.0,106.0,105.0,84.0,49.0,45.0,57.0,48.0,52.0,44.0,36.0,34.0,8.0,9.0,34.0,6.0,13.0,28.0,18.0,12.0,37.0,20.0,28.0,34.0,39.0,32.0,90.0,84.0,49.0,14.0,45.0,68.0,88.0,117.0,36.0,65.0,92.0,70.0,32.0,39.0,72.0,158.0,51.0,55.0,25.0,384.0,118.0,35.0,38.0,36.0,32.0,34.0,21.0,26.0,29.0,19.0,13.0,32.0,5.0,23.0,57.0,83.0,109.0,47.0,54.0,143.0,238.0,84.0,55.0,143.0,42.0,35.0,64.0,67.0,167.0,58.0,32.0,110.0,37.0,70.0,46.0,21.0,36.0,40.0,49.0,42.0,39.0,41.0,44.0,74.0,67.0,19.0,24.0,17.0,38.0,212.0,99.0,169.0,35.0,39.0,22.0,25.0,27.0,89.0,29.0,61.0,5.0,79.0,33.0,19.0,175.0,36.0,27.0,54.0,13.0,27.0,96.0,53.0
2021-06-01,197.0,44.0,41.0,33.0,49.0,15.0,79.0,12.0,27.0,16.0,10.0,53.0,3.0,5.0,4.0,107.0,26.0,22.0,10.0,36.0,49.0,30.0,24.0,43.0,24.0,32.0,83.0,10.0,47.0,24.0,27.0,11.0,16.0,13.0,19.0,10.0,24.0,49.0,33.0,92.0,148.0,42.0,24.0,37.0,135.0,11.0,26.0,27.0,14.0,10.0,15.0,44.0,16.0,23.0,22.0,37.0,24.0,20.0,16.0,11.0,21.0,8.0,4.0,28.0,17.0,18.0,11.0,29.0,16.0,20.0,21.0,10.0,9.0,20.0,11.0,7.0,27.0,23.0,29.0,41.0,37.0,54.0,22.0,20.0,121.0,19.0,6.0,71.0,17.0,21.0,6.0,41.0,17.0,31.0,235.0,58.0,34.0,46.0,28.0,22.0,31.0,10.0,12.0,8.0,7.0,22.0,45.0,6.0,11.0,72.0,213.0,17.0,61.0,53.0,46.0,14.0,28.0,32.0,25.0,45.0,51.0,63.0,31.0,17.0,26.0,19.0,71.0,50.0,49.0,89.0,22.0,36.0,42.0,18.0,7.0,34.0,7.0,7.0,21.0,42.0,48.0,65.0,69.0,40.0,9.0,31.0,23.0,84.0,48.0,10.0,13.0,15.0,11.0,2.0,34.0,11.0,14.0,94.0,50.0,42.0,14.0,10.0,84.0,19.0,55.0,13.0,21.0,26.0,131.0,35.0,19.0,74.0,42.0,48.0,51.0,46.0,106.0,66.0,36.0,66.0,102.0,34.0,19.0,27.0,2.0,30.0,58.0,95.0,100.0,43.0,54.0,75.0,41.0,28.0,30.0,13.0,28.0,15.0,14.0,6.0,12.0,7.0,14.0,11.0,8.0,9.0,567.0,101.0,49.0,12.0,78.0,64.0,30.0,30.0,54.0,29.0,39.0,32.0,20.0,20.0,25.0,33.0,11.0,5.0,12.0,26.0,8.0,164.0,36.0,12.0,6.0,37.0,37.0,12.0,31.0,55.0,42.0,52.0,78.0,27.0,157.0,31.0,47.0,73.0,16.0,26.0,26.0,29.0,58.0,26.0,29.0,47.0,49.0,99.0,28.0,57.0,65.0,56.0,52.0,54.0,105.0,16.0,15.0,17.0,7.0,6.0,25.0,32.0,16.0,15.0,31.0,42.0,15.0,25.0,55.0,6.0,16.0,17.0,25.0,22.0,10.0,43.0,70.0,129.0,74.0,92.0,34.0,34.0,44.0,90.0,9.0,24.0,44.0,34.0,14.0,39.0,119.0,204.0,97.0,104.0,48.0,36.0,84.0,47.0,99.0,107.0,33.0,36.0,62.0,43.0,20.0,36.0,105.0,96.0,58.0,35.0,21.0,24.0,33.0,13.0,22.0,48.0,32.0,22.0,32.0,54.0,20.0,121.0,106.0,105.0,84.0,49.0,45.0,57.0,48.0,52.0,44.0,36.0,34.0,8.0,9.0,34.0,6.0,13.0,28.0,18.0,12.0,37.0,20.0,28.0,34.0,39.0,32.0,90.0,84.0,49.0,14.0,45.0,68.0,88.0,117.0,36.0,65.0,92.0,70.0,32.0,39.0,72.0,158.0,51.0,55.0,25.0,386.0,118.0,35.0,38.0,36.0,32.0,34.0,21.0,26.0,29.0,19.0,13.0,32.0,5.0,23.0,57.0,83.0,109.0,47.0,54.0,143.0,239.0,84.0,55.0,143.0,42.0,35.0,64.0,67.0,167.0,58.0,32.0,110.0,37.0,70.0,46.0,21.0,36.0,40.0,49.0,42.0,39.0,41.0,44.0,74.0,67.0,19.0,24.0,17.0,38.0,212.0,99.0,169.0,35.0,39.0,22.0,25.0,27.0,89.0,29.0,61.0,5.0,79.0,33.0,19.0,175.0,36.0,27.0,54.0,13.0,27.0,96.0,53.0
2021-07-01,197.0,44.0,41.0,33.0,49.0,15.0,79.0,12.0,27.0,16.0,10.0,53.0,3.0,5.0,4.0,107.0,26.0,22.0,10.0,36.0,49.0,30.0,24.0,43.0,24.0,32.0,83.0,10.0,47.0,24.0,27.0,11.0,16.0,13.0,19.0,10.0,24.0,50.0,33.0,92.0,148.0,42.0,24.0,37.0,135.0,11.0,26.0,27.0,14.0,10.0,15.0,44.0,16.0,23.0,22.0,37.0,24.0,20.0,16.0,11.0,21.0,8.0,4.0,28.0,17.0,18.0,11.0,30.0,16.0,20.0,21.0,10.0,9.0,20.0,11.0,7.0,27.0,23.0,29.0,41.0,37.0,54.0,22.0,20.0,121.0,19.0,6.0,71.0,17.0,21.0,6.0,41.0,17.0,31.0,235.0,58.0,34.0,46.0,28.0,22.0,31.0,10.0,12.0,8.0,7.0,22.0,45.0,6.0,11.0,72.0,213.0,17.0,61.0,53.0,46.0,14.0,28.0,32.0,25.0,45.0,51.0,63.0,31.0,17.0,26.0,19.0,71.0,50.0,49.0,89.0,22.0,36.0,42.0,18.0,7.0,34.0,7.0,7.0,21.0,42.0,48.0,65.0,69.0,40.0,9.0,31.0,23.0,84.0,48.0,10.0,13.0,15.0,11.0,2.0,34.0,11.0,14.0,94.0,50.0,42.0,14.0,10.0,84.0,19.0,55.0,13.0,21.0,26.0,131.0,35.0,19.0,74.0,42.0,48.0,51.0,46.0,106.0,66.0,36.0,66.0,102.0,34.0,19.0,27.0,2.0,30.0,58.0,95.0,100.0,43.0,54.0,75.0,41.0,28.0,30.0,13.0,28.0,15.0,14.0,6.0,12.0,7.0,14.0,11.0,8.0,9.0,568.0,101.0,49.0,12.0,78.0,64.0,30.0,30.0,54.0,29.0,39.0,32.0,20.0,20.0,25.0,33.0,11.0,5.0,12.0,26.0,8.0,164.0,36.0,12.0,6.0,37.0,37.0,12.0,31.0,55.0,42.0,52.0,78.0,27.0,158.0,31.0,47.0,73.0,16.0,26.0,26.0,29.0,58.0,26.0,29.0,47.0,49.0,99.0,28.0,57.0,65.0,56.0,52.0,54.0,105.0,16.0,15.0,17.0,7.0,6.0,25.0,32.0,16.0,15.0,31.0,42.0,15.0,25.0,55.0,6.0,16.0,17.0,25.0,22.0,10.0,43.0,70.0,129.0,74.0,92.0,34.0,34.0,44.0,90.0,9.0,24.0,44.0,34.0,14.0,39.0,119.0,204.0,98.0,104.0,48.0,36.0,84.0,47.0,99.0,107.0,33.0,36.0,62.0,43.0,20.0,36.0,105.0,96.0,58.0,35.0,21.0,24.0,33.0,13.0,22.0,48.0,32.0,22.0,32.0,54.0,20.0,121.0,106.0,105.0,84.0,49.0,45.0,57.0,48.0,52.0,44.0,36.0,34.0,8.0,9.0,34.0,6.0,13.0,28.0,18.0,12.0,37.0,20.0,28.0,34.0,39.0,32.0,90.0,84.0,49.0,14.0,45.0,68.0,88.0,117.0,36.0,65.0,92.0,70.0,32.0,39.0,72.0,158.0,51.0,55.0,25.0,386.0,118.0,35.0,38.0,36.0,32.0,34.0,21.0,26.0,29.0,19.0,13.0,32.0,5.0,23.0,57.0,83.0,109.0,47.0,54.0,143.0,239.0,84.0,55.0,144.0,42.0,35.0,64.0,67.0,167.0,58.0,32.0,110.0,37.0,70.0,46.0,21.0,36.0,40.0,49.0,42.0,39.0,41.0,44.0,74.0,67.0,19.0,24.0,17.0,38.0,212.0,99.0,169.0,35.0,39.0,22.0,25.0,27.0,89.0,29.0,61.0,5.0,79.0,33.0,19.0,175.0,36.0,27.0,54.0,13.0,27.0,98.0,53.0
2021-08-01,197.0,44.0,41.0,33.0,49.0,15.0,79.0,12.0,27.0,16.0,10.0,53.0,3.0,5.0,4.0,107.0,26.0,22.0,10.0,36.0,49.0,30.0,24.0,43.0,24.0,32.0,83.0,10.0,47.0,24.0,27.0,11.0,16.0,13.0,19.0,10.0,24.0,50.0,33.0,92.0,148.0,42.0,24.0,37.0,135.0,11.0,26.0,27.0,14.0,10.0,15.0,44.0,16.0,23.0,22.0,37.0,24.0,20.0,16.0,11.0,21.0,8.0,4.0,28.0,17.0,18.0,11.0,30.0,16.0,20.0,21.0,10.0,9.0,20.0,11.0,7.0,27.0,23.0,29.0,41.0,37.0,54.0,22.0,20.0,121.0,19.0,6.0,71.0,17.0,21.0,6.0,41.0,17.0,31.0,235.0,58.0,34.0,46.0,28.0,22.0,31.0,10.0,12.0,8.0,7.0,22.0,45.0,6.0,11.0,72.0,213.0,17.0,61.0,53.0,46.0,14.0,28.0,32.0,25.0,45.0,51.0,63.0,31.0,17.0,26.0,19.0,71.0,50.0,49.0,89.0,22.0,36.0,42.0,18.0,7.0,34.0,8.0,7.0,21.0,42.0,48.0,65.0,69.0,40.0,9.0,31.0,23.0,84.0,49.0,10.0,13.0,15.0,11.0,2.0,34.0,11.0,14.0,94.0,50.0,42.0,14.0,10.0,84.0,19.0,55.0,13.0,21.0,26.0,131.0,35.0,19.0,74.0,42.0,48.0,51.0,46.0,106.0,66.0,36.0,66.0,102.0,34.0,19.0,27.0,2.0,30.0,58.0,95.0,100.0,43.0,54.0,75.0,41.0,28.0,30.0,13.0,28.0,15.0,14.0,6.0,12.0,7.0,14.0,11.0,8.0,9.0,568.0,101.0,49.0,12.0,78.0,64.0,30.0,30.0,54.0,29.0,39.0,32.0,20.0,20.0,25.0,33.0,11.0,5.0,12.0,26.0,8.0,164.0,36.0,12.0,6.0,37.0,37.0,12.0,31.0,55.0,42.0,52.0,78.0,27.0,158.0,31.0,47.0,73.0,16.0,26.0,26.0,29.0,58.0,26.0,29.0,47.0,49.0,99.0,28.0,57.0,65.0,56.0,52.0,54.0,105.0,16.0,15.0,17.0,7.0,6.0,25.0,32.0,16.0,15.0,31.0,42.0,15.0,25.0,55.0,6.0,16.0,17.0,25.0,22.0,10.0,43.0,70.0,129.0,74.0,92.0,34.0,34.0,44.0,90.0,9.0,24.0,44.0,34.0,14.0,39.0,119.0,204.0,98.0,104.0,48.0,36.0,84.0,47.0,99.0,107.0,33.0,36.0,62.0,43.0,20.0,36.0,105.0,96.0,58.0,35.0,21.0,24.0,33.0,13.0,22.0,48.0,32.0,22.0,32.0,54.0,20.0,121.0,106.0,105.0,84.0,49.0,45.0,57.0,48.0,52.0,44.0,36.0,34.0,8.0,9.0,34.0,6.0,13.0,28.0,18.0,12.0,37.0,20.0,28.0,34.0,39.0,32.0,90.0,84.0,49.0,14.0,45.0,68.0,88.0,117.0,36.0,65.0,92.0,70.0,32.0,39.0,72.0,158.0,51.0,55.0,25.0,386.0,118.0,35.0,38.0,38.0,32.0,34.0,21.0,26.0,29.0,19.0,13.0,32.0,5.0,23.0,57.0,83.0,109.0,47.0,54.0,143.0,239.0,84.0,55.0,144.0,42.0,35.0,64.0,67.0,167.0,58.0,32.0,110.0,37.0,70.0,46.0,21.0,36.0,40.0,49.0,42.0,39.0,41.0,44.0,74.0,67.0,19.0,24.0,17.0,38.0,212.0,99.0,169.0,35.0,39.0,22.0,25.0,27.0,89.0,29.0,61.0,5.0,79.0,35.0,19.0,175.0,36.0,27.0,54.0,13.0,27.0,98.0,53.0
2021-09-01,197.0,44.0,41.0,33.0,49.0,15.0,79.0,12.0,27.0,16.0,10.0,53.0,3.0,5.0,4.0,107.0,26.0,22.0,10.0,36.0,49.0,30.0,24.0,43.0,24.0,32.0,83.0,10.0,47.0,24.0,27.0,11.0,16.0,13.0,19.0,10.0,24.0,50.0,33.0,92.0,148.0,42.0,25.0,38.0,135.0,11.0,26.0,27.0,14.0,10.0,15.0,44.0,16.0,23.0,22.0,37.0,24.0,20.0,16.0,11.0,21.0,8.0,4.0,28.0,17.0,18.0,11.0,30.0,16.0,20.0,21.0,10.0,9.0,20.0,11.0,7.0,27.0,23.0,29.0,41.0,37.0,54.0,22.0,20.0,121.0,19.0,6.0,71.0,17.0,21.0,6.0,41.0,17.0,31.0,235.0,58.0,34.0,46.0,28.0,22.0,31.0,10.0,12.0,8.0,7.0,22.0,45.0,6.0,11.0,72.0,213.0,17.0,61.0,53.0,46.0,14.0,28.0,32.0,25.0,45.0,51.0,63.0,31.0,17.0,26.0,19.0,71.0,50.0,49.0,89.0,22.0,36.0,42.0,18.0,7.0,34.0,8.0,7.0,21.0,42.0,48.0,65.0,69.0,40.0,9.0,31.0,23.0,84.0,49.0,10.0,13.0,15.0,11.0,2.0,34.0,11.0,14.0,94.0,50.0,42.0,14.0,10.0,84.0,19.0,55.0,13.0,21.0,26.0,131.0,35.0,19.0,74.0,42.0,48.0,51.0,46.0,106.0,66.0,36.0,66.0,102.0,34.0,19.0,27.0,2.0,30.0,58.0,95.0,100.0,43.0,54.0,75.0,41.0,28.0,30.0,13.0,28.0,15.0,14.0,6.0,12.0,7.0,14.0,11.0,8.0,9.0,568.0,101.0,49.0,12.0,78.0,64.0,30.0,30.0,54.0,29.0,39.0,32.0,20.0,20.0,25.0,33.0,11.0,5.0,12.0,26.0,8.0,164.0,36.0,12.0,6.0,37.0,37.0,12.0,31.0,55.0,42.0,52.0,78.0,27.0,158.0,31.0,47.0,73.0,16.0,26.0,26.0,29.0,58.0,26.0,29.0,47.0,49.0,99.0,28.0,58.0,65.0,56.0,52.0,54.0,105.0,16.0,15.0,17.0,7.0,6.0,25.0,32.0,16.0,15.0,31.0,42.0,15.0,25.0,55.0,6.0,16.0,17.0,25.0,22.0,10.0,43.0,70.0,129.0,74.0,92.0,34.0,34.0,44.0,90.0,9.0,24.0,44.0,34.0,14.0,39.0,119.0,204.0,98.0,104.0,48.0,36.0,84.0,47.0,99.0,107.0,33.0,36.0,62.0,43.0,20.0,36.0,105.0,96.0,58.0,35.0,21.0,24.0,33.0,13.0,22.0,48.0,32.0,22.0,32.0,54.0,20.0,121.0,106.0,105.0,84.0,49.0,45.0,57.0,48.0,52.0,44.0,36.0,34.0,8.0,9.0,34.0,6.0,13.0,28.0,18.0,12.0,37.0,20.0,28.0,34.0,39.0,32.0,90.0,84.0,49.0,14.0,45.0,68.0,88.0,117.0,36.0,65.0,92.0,70.0,32.0,39.0,72.0,158.0,51.0,55.0,25.0,386.0,118.0,35.0,38.0,41.0,32.0,34.0,21.0,26.0,29.0,19.0,13.0,32.0,5.0,23.0,57.0,83.0,109.0,47.0,54.0,143.0,239.0,84.0,55.0,144.0,42.0,35.0,64.0,67.0,167.0,58.0,32.0,110.0,37.0,70.0,46.0,21.0,36.0,40.0,49.0,42.0,39.0,41.0,44.0,74.0,67.0,19.0,24.0,17.0,38.0,212.0,99.0,169.0,35.0,39.0,22.0,25.0,27.0,89.0,29.0,61.0,5.0,79.0,35.0,19.0,175.0,36.0,27.0,54.0,13.0,27.0,98.0,53.0
2021-10-01,197.0,44.0,41.0,33.0,49.0,15.0,79.0,12.0,27.0,16.0,10.0,53.0,3.0,5.0,4.0,107.0,26.0,22.0,11.0,36.0,49.0,30.0,26.0,43.0,24.0,32.0,83.0,10.0,47.0,24.0,27.0,11.0,16.0,13.0,19.0,10.0,24.0,50.0,33.0,92.0,148.0,42.0,25.0,38.0,135.0,11.0,26.0,27.0,14.0,10.0,15.0,44.0,16.0,23.0,22.0,37.0,24.0,20.0,16.0,11.0,21.0,8.0,4.0,28.0,17.0,18.0,11.0,30.0,16.0,20.0,21.0,12.0,9.0,20.0,11.0,7.0,27.0,23.0,29.0,41.0,37.0,54.0,22.0,20.0,121.0,19.0,6.0,72.0,17.0,21.0,6.0,41.0,17.0,31.0,235.0,58.0,34.0,46.0,28.0,22.0,31.0,10.0,12.0,8.0,7.0,22.0,45.0,6.0,11.0,72.0,213.0,17.0,61.0,53.0,46.0,14.0,28.0,32.0,25.0,45.0,51.0,64.0,31.0,17.0,26.0,19.0,71.0,50.0,49.0,89.0,22.0,36.0,42.0,18.0,7.0,35.0,8.0,7.0,21.0,42.0,48.0,65.0,69.0,40.0,9.0,31.0,23.0,84.0,49.0,11.0,13.0,15.0,11.0,2.0,34.0,11.0,14.0,94.0,50.0,42.0,14.0,10.0,84.0,19.0,55.0,13.0,21.0,26.0,131.0,35.0,19.0,74.0,42.0,48.0,51.0,46.0,106.0,66.0,36.0,66.0,102.0,34.0,19.0,27.0,2.0,30.0,58.0,95.0,100.0,44.0,54.0,75.0,41.0,28.0,30.0,13.0,28.0,15.0,14.0,6.0,12.0,7.0,14.0,11.0,8.0,9.0,570.0,101.0,49.0,12.0,78.0,64.0,30.0,30.0,54.0,29.0,39.0,32.0,20.0,20.0,25.0,33.0,11.0,5.0,12.0,26.0,8.0,164.0,36.0,13.0,6.0,37.0,37.0,12.0,31.0,55.0,42.0,52.0,78.0,27.0,158.0,31.0,47.0,73.0,17.0,26.0,26.0,29.0,58.0,26.0,29.0,47.0,49.0,100.0,28.0,58.0,65.0,56.0,52.0,54.0,105.0,16.0,15.0,17.0,7.0,6.0,25.0,32.0,16.0,15.0,31.0,42.0,15.0,25.0,55.0,6.0,16.0,17.0,25.0,22.0,10.0,43.0,70.0,130.0,74.0,92.0,34.0,34.0,44.0,91.0,9.0,24.0,44.0,34.0,14.0,39.0,119.0,204.0,99.0,104.0,48.0,36.0,84.0,47.0,99.0,107.0,33.0,36.0,62.0,43.0,20.0,36.0,105.0,96.0,60.0,35.0,21.0,24.0,33.0,13.0,24.0,48.0,32.0,22.0,32.0,54.0,20.0,121.0,106.0,105.0,84.0,49.0,45.0,57.0,48.0,52.0,44.0,36.0,34.0,8.0,9.0,34.0,6.0,13.0,28.0,18.0,12.0,37.0,20.0,28.0,34.0,39.0,32.0,91.0,84.0,50.0,14.0,45.0,68.0,88.0,117.0,36.0,65.0,92.0,70.0,32.0,39.0,73.0,158.0,51.0,56.0,25.0,386.0,118.0,35.0,38.0,41.0,32.0,34.0,21.0,26.0,29.0,19.0,13.0,32.0,5.0,23.0,57.0,83.0,109.0,47.0,54.0,144.0,239.0,84.0,55.0,144.0,42.0,35.0,64.0,67.0,167.0,58.0,32.0,111.0,37.0,70.0,46.0,21.0,36.0,40.0,49.0,42.0,39.0,41.0,46.0,74.0,67.0,19.0,24.0,17.0,38.0,212.0,99.0,169.0,35.0,39.0,22.0,25.0,27.0,89.0,29.0,61.0,5.0,79.0,35.0,19.0,175.0,36.0,27.0,54.0,13.0,27.0,98.0,53.0
2021-11-01,197.0,44.0,41.0,33.0,49.0,15.0,79.0,12.0,27.0,16.0,10.0,53.0,3.0,5.0,4.0,107.0,26.0,22.0,11.0,36.0,49.0,30.0,26.0,43.0,24.0,32.0,83.0,10.0,47.0,24.0,27.0,11.0,16.0,13.0,19.0,10.0,24.0,50.0,33.0,92.0,148.0,42.0,25.0,38.0,135.0,11.0,26.0,27.0,14.0,10.0,15.0,44.0,16.0,23.0,22.0,37.0,24.0,20.0,16.0,11.0,21.0,8.0,4.0,28.0,17.0,18.0,11.0,30.0,16.0,20.0,21.0,12.0,9.0,20.0,11.0,7.0,27.0,23.0,29.0,41.0,37.0,54.0,22.0,20.0,121.0,19.0,6.0,73.0,17.0,21.0,6.0,41.0,17.0,31.0,235.0,58.0,34.0,46.0,28.0,22.0,31.0,10.0,12.0,8.0,7.0,22.0,45.0,6.0,11.0,72.0,213.0,17.0,61.0,53.0,46.0,14.0,28.0,32.0,25.0,45.0,51.0,64.0,31.0,17.0,26.0,19.0,71.0,50.0,49.0,89.0,22.0,36.0,42.0,18.0,7.0,35.0,8.0,7.0,21.0,42.0,48.0,65.0,69.0,40.0,9.0,31.0,23.0,84.0,49.0,11.0,13.0,15.0,11.0,2.0,34.0,11.0,14.0,94.0,50.0,42.0,14.0,10.0,84.0,19.0,55.0,13.0,21.0,26.0,131.0,35.0,19.0,74.0,42.0,48.0,51.0,46.0,106.0,66.0,36.0,66.0,102.0,34.0,19.0,27.0,2.0,30.0,58.0,95.0,100.0,44.0,54.0,75.0,41.0,28.0,30.0,13.0,28.0,15.0,14.0,6.0,12.0,7.0,14.0,11.0,8.0,9.0,570.0,101.0,49.0,12.0,78.0,64.0,30.0,30.0,54.0,29.0,39.0,33.0,20.0,20.0,25.0,33.0,11.0,5.0,12.0,26.0,8.0,164.0,36.0,13.0,6.0,37.0,37.0,12.0,31.0,55.0,42.0,52.0,78.0,27.0,158.0,31.0,47.0,73.0,17.0,26.0,26.0,29.0,58.0,26.0,29.0,47.0,49.0,100.0,28.0,58.0,65.0,56.0,52.0,54.0,105.0,16.0,15.0,17.0,7.0,6.0,25.0,32.0,16.0,15.0,31.0,42.0,15.0,25.0,55.0,6.0,16.0,17.0,25.0,22.0,10.0,43.0,70.0,130.0,74.0,92.0,34.0,34.0,44.0,91.0,9.0,24.0,44.0,34.0,14.0,39.0,119.0,204.0,99.0,104.0,48.0,36.0,84.0,47.0,99.0,107.0,33.0,36.0,62.0,43.0,20.0,36.0,105.0,96.0,60.0,35.0,21.0,24.0,33.0,13.0,24.0,48.0,32.0,22.0,32.0,54.0,20.0,121.0,106.0,105.0,84.0,49.0,45.0,57.0,48.0,52.0,44.0,36.0,34.0,8.0,9.0,34.0,6.0,13.0,28.0,18.0,12.0,37.0,20.0,28.0,34.0,39.0,32.0,91.0,84.0,50.0,14.0,45.0,68.0,88.0,117.0,36.0,65.0,92.0,70.0,32.0,39.0,73.0,158.0,51.0,56.0,25.0,386.0,118.0,35.0,38.0,41.0,32.0,34.0,21.0,26.0,29.0,19.0,13.0,32.0,5.0,23.0,57.0,83.0,109.0,47.0,54.0,144.0,239.0,84.0,55.0,144.0,42.0,35.0,64.0,67.0,167.0,58.0,32.0,112.0,37.0,70.0,46.0,21.0,36.0,40.0,49.0,42.0,39.0,41.0,46.0,74.0,67.0,19.0,24.0,17.0,38.0,212.0,99.0,169.0,35.0,39.0,22.0,25.0,27.0,89.0,29.0,61.0,5.0,79.0,35.0,19.0,175.0,36.0,27.0,54.0,13.0,27.0,98.0,53.0
2021-12-01,197.0,44.0,41.0,33.0,49.0,15.0,79.0,12.0,27.0,16.0,10.0,53.0,3.0,5.0,4.0,107.0,26.0,22.0,11.0,36.0,49.0,30.0,26.0,43.0,24.0,32.0,83.0,10.0,47.0,24.0,27.0,11.0,16.0,13.0,19.0,10.0,24.0,50.0,33.0,92.0,148.0,42.0,25.0,38.0,135.0,11.0,26.0,27.0,14.0,10.0,15.0,44.0,16.0,23.0,22.0,37.0,24.0,20.0,16.0,11.0,21.0,8.0,4.0,28.0,17.0,18.0,11.0,30.0,16.0,20.0,21.0,12.0,9.0,20.0,11.0,7.0,27.0,23.0,29.0,41.0,37.0,54.0,22.0,20.0,121.0,19.0,6.0,73.0,17.0,21.0,6.0,41.0,17.0,31.0,235.0,58.0,34.0,46.0,28.0,22.0,31.0,10.0,12.0,8.0,7.0,22.0,45.0,6.0,11.0,72.0,213.0,17.0,61.0,53.0,46.0,14.0,28.0,32.0,25.0,45.0,51.0,64.0,31.0,17.0,26.0,19.0,71.0,50.0,49.0,89.0,22.0,36.0,42.0,18.0,7.0,35.0,8.0,7.0,21.0,42.0,48.0,65.0,69.0,40.0,9.0,31.0,23.0,84.0,49.0,11.0,13.0,15.0,11.0,2.0,34.0,11.0,14.0,94.0,50.0,42.0,14.0,10.0,84.0,19.0,55.0,13.0,21.0,26.0,131.0,35.0,19.0,74.0,42.0,48.0,51.0,46.0,106.0,66.0,36.0,66.0,102.0,34.0,19.0,27.0,2.0,30.0,58.0,95.0,100.0,44.0,54.0,75.0,41.0,28.0,30.0,13.0,28.0,15.0,14.0,6.0,12.0,7.0,14.0,11.0,8.0,9.0,570.0,101.0,49.0,12.0,78.0,64.0,30.0,30.0,54.0,29.0,39.0,33.0,20.0,20.0,25.0,33.0,11.0,5.0,12.0,26.0,8.0,164.0,36.0,13.0,6.0,37.0,37.0,12.0,31.0,55.0,42.0,52.0,78.0,27.0,158.0,31.0,47.0,73.0,17.0,26.0,26.0,29.0,58.0,26.0,29.0,47.0,49.0,100.0,28.0,58.0,65.0,56.0,52.0,54.0,105.0,16.0,15.0,17.0,7.0,6.0,25.0,32.0,16.0,15.0,31.0,42.0,15.0,25.0,55.0,6.0,16.0,17.0,25.0,22.0,10.0,43.0,70.0,130.0,74.0,92.0,34.0,34.0,44.0,91.0,9.0,24.0,44.0,34.0,14.0,39.0,119.0,204.0,99.0,104.0,48.0,36.0,84.0,47.0,99.0,107.0,33.0,36.0,62.0,43.0,20.0,36.0,105.0,96.0,60.0,35.0,21.0,24.0,33.0,13.0,24.0,48.0,32.0,22.0,32.0,54.0,20.0,121.0,106.0,105.0,84.0,49.0,45.0,57.0,48.0,52.0,44.0,36.0,34.0,8.0,9.0,34.0,6.0,13.0,28.0,18.0,12.0,37.0,20.0,28.0,34.0,39.0,32.0,91.0,84.0,50.0,14.0,45.0,68.0,88.0,117.0,36.0,65.0,92.0,70.0,32.0,39.0,73.0,158.0,51.0,56.0,25.0,386.0,118.0,35.0,38.0,41.0,32.0,34.0,21.0,26.0,29.0,19.0,13.0,32.0,5.0,23.0,57.0,83.0,109.0,47.0,54.0,144.0,239.0,84.0,55.0,144.0,42.0,35.0,64.0,67.0,167.0,58.0,32.0,112.0,37.0,70.0,46.0,21.0,36.0,40.0,49.0,42.0,39.0,41.0,46.0,74.0,67.0,19.0,24.0,17.0,38.0,212.0,99.0,169.0,35.0,39.0,22.0,25.0,27.0,89.0,29.0,61.0,5.0,79.0,35.0,19.0,175.0,36.0,27.0,54.0,13.0,27.0,98.0,53.0
2022-01-01,197.0,44.0,41.0,33.0,49.0,15.0,79.0,12.0,27.0,16.0,10.0,53.0,3.0,5.0,4.0,107.0,26.0,22.0,11.0,36.0,49.0,30.0,26.0,43.0,24.0,32.0,83.0,10.0,47.0,24.0,27.0,11.0,16.0,13.0,19.0,10.0,24.0,50.0,33.0,92.0,148.0,42.0,25.0,38.0,135.0,11.0,26.0,27.0,14.0,10.0,15.0,44.0,16.0,23.0,22.0,37.0,24.0,20.0,16.0,11.0,21.0,8.0,4.0,28.0,17.0,18.0,11.0,30.0,16.0,20.0,21.0,12.0,9.0,20.0,11.0,7.0,27.0,23.0,29.0,41.0,37.0,54.0,22.0,20.0,121.0,19.0,6.0,73.0,17.0,21.0,6.0,41.0,17.0,31.0,235.0,58.0,34.0,46.0,28.0,22.0,31.0,10.0,12.0,8.0,7.0,22.0,45.0,6.0,11.0,72.0,213.0,17.0,61.0,53.0,46.0,14.0,28.0,32.0,25.0,45.0,51.0,64.0,31.0,17.0,26.0,19.0,71.0,50.0,49.0,89.0,22.0,36.0,42.0,18.0,7.0,35.0,8.0,7.0,21.0,42.0,48.0,65.0,69.0,40.0,9.0,31.0,23.0,84.0,49.0,11.0,13.0,15.0,11.0,2.0,34.0,11.0,14.0,94.0,50.0,42.0,14.0,10.0,84.0,19.0,55.0,13.0,21.0,26.0,131.0,35.0,19.0,74.0,42.0,48.0,51.0,46.0,106.0,66.0,36.0,66.0,102.0,34.0,19.0,27.0,2.0,30.0,58.0,95.0,100.0,44.0,54.0,75.0,41.0,28.0,30.0,13.0,28.0,15.0,14.0,6.0,12.0,7.0,14.0,11.0,8.0,9.0,570.0,101.0,49.0,12.0,78.0,65.0,30.0,30.0,54.0,29.0,39.0,33.0,20.0,20.0,25.0,33.0,11.0,5.0,12.0,26.0,8.0,164.0,36.0,13.0,6.0,37.0,37.0,12.0,31.0,55.0,42.0,52.0,78.0,27.0,158.0,31.0,47.0,73.0,17.0,26.0,26.0,29.0,58.0,26.0,29.0,47.0,49.0,100.0,28.0,58.0,65.0,56.0,52.0,54.0,105.0,16.0,15.0,17.0,7.0,6.0,25.0,32.0,16.0,15.0,31.0,42.0,15.0,25.0,55.0,6.0,16.0,17.0,25.0,22.0,10.0,43.0,70.0,130.0,74.0,92.0,34.0,34.0,44.0,91.0,9.0,24.0,44.0,34.0,14.0,39.0,119.0,204.0,99.0,104.0,48.0,36.0,84.0,47.0,99.0,107.0,33.0,36.0,62.0,43.0,20.0,36.0,105.0,96.0,60.0,35.0,21.0,24.0,33.0,13.0,24.0,48.0,32.0,22.0,32.0,54.0,20.0,121.0,106.0,105.0,84.0,49.0,45.0,57.0,48.0,52.0,44.0,36.0,34.0,8.0,9.0,34.0,6.0,13.0,28.0,18.0,12.0,37.0,20.0,28.0,34.0,39.0,32.0,91.0,84.0,50.0,14.0,45.0,68.0,88.0,117.0,36.0,65.0,92.0,70.0,32.0,39.0,73.0,158.0,51.0,56.0,25.0,386.0,118.0,35.0,38.0,41.0,32.0,34.0,21.0,26.0,29.0,19.0,13.0,32.0,5.0,23.0,57.0,83.0,109.0,47.0,54.0,144.0,239.0,84.0,55.0,144.0,42.0,35.0,64.0,67.0,168.0,58.0,32.0,112.0,37.0,70.0,46.0,21.0,36.0,40.0,49.0,42.0,39.0,41.0,46.0,74.0,67.0,19.0,24.0,17.0,38.0,212.0,99.0,169.0,35.0,39.0,22.0,25.0,27.0,89.0,29.0,61.0,5.0,79.0,35.0,19.0,175.0,36.0,27.0,54.0,13.0,27.0,98.0,53.0
2022-02-01,197.0,44.0,41.0,33.0,49.0,15.0,79.0,12.0,27.0,16.0,10.0,53.0,3.0,5.0,4.0,107.0,26.0,22.0,11.0,36.0,49.0,30.0,26.0,43.0,24.0,32.0,83.0,10.0,47.0,24.0,27.0,11.0,16.0,13.0,19.0,10.0,24.0,50.0,33.0,92.0,148.0,42.0,25.0,38.0,135.0,11.0,26.0,27.0,14.0,10.0,15.0,44.0,16.0,23.0,22.0,37.0,24.0,20.0,16.0,11.0,21.0,8.0,4.0,28.0,17.0,18.0,11.0,30.0,16.0,20.0,21.0,12.0,9.0,20.0,11.0,7.0,27.0,23.0,29.0,41.0,37.0,54.0,22.0,20.0,121.0,19.0,6.0,73.0,17.0,21.0,6.0,41.0,17.0,31.0,235.0,58.0,34.0,46.0,28.0,22.0,31.0,10.0,12.0,8.0,7.0,22.0,45.0,6.0,11.0,72.0,213.0,17.0,61.0,53.0,46.0,14.0,28.0,32.0,25.0,45.0,51.0,64.0,31.0,17.0,26.0,19.0,71.0,50.0,49.0,89.0,22.0,36.0,42.0,18.0,7.0,35.0,8.0,7.0,21.0,42.0,48.0,65.0,69.0,40.0,9.0,31.0,23.0,84.0,49.0,11.0,13.0,15.0,11.0,2.0,34.0,11.0,14.0,94.0,50.0,42.0,14.0,10.0,84.0,19.0,55.0,13.0,21.0,26.0,131.0,35.0,19.0,74.0,42.0,48.0,51.0,46.0,106.0,66.0,36.0,66.0,102.0,34.0,19.0,27.0,2.0,30.0,58.0,95.0,100.0,44.0,54.0,75.0,41.0,28.0,30.0,13.0,28.0,15.0,14.0,6.0,12.0,7.0,14.0,11.0,8.0,9.0,570.0,101.0,49.0,12.0,78.0,65.0,30.0,30.0,54.0,29.0,39.0,33.0,20.0,20.0,25.0,33.0,11.0,5.0,12.0,26.0,8.0,164.0,36.0,13.0,6.0,37.0,37.0,12.0,31.0,55.0,42.0,52.0,78.0,27.0,158.0,31.0,47.0,73.0,17.0,26.0,26.0,29.0,58.0,26.0,29.0,47.0,49.0,100.0,28.0,58.0,65.0,56.0,52.0,54.0,105.0,16.0,15.0,17.0,7.0,6.0,25.0,32.0,16.0,15.0,31.0,42.0,15.0,25.0,55.0,6.0,16.0,17.0,25.0,22.0,10.0,43.0,70.0,130.0,74.0,92.0,34.0,34.0,44.0,91.0,9.0,24.0,44.0,34.0,14.0,39.0,119.0,204.0,99.0,104.0,48.0,36.0,84.0,47.0,99.0,107.0,33.0,36.0,62.0,43.0,20.0,36.0,105.0,96.0,60.0,35.0,21.0,24.0,33.0,13.0,24.0,48.0,32.0,22.0,32.0,54.0,20.0,121.0,106.0,105.0,84.0,49.0,45.0,57.0,48.0,52.0,44.0,36.0,34.0,8.0,9.0,34.0,6.0,13.0,28.0,18.0,12.0,37.0,20.0,28.0,34.0,39.0,32.0,91.0,84.0,50.0,14.0,45.0,68.0,88.0,117.0,36.0,65.0,92.0,70.0,32.0,39.0,73.0,158.0,51.0,56.0,25.0,387.0,118.0,35.0,38.0,41.0,32.0,34.0,21.0,26.0,29.0,19.0,13.0,32.0,5.0,23.0,57.0,83.0,109.0,47.0,54.0,144.0,239.0,84.0,55.0,144.0,42.0,35.0,64.0,67.0,168.0,58.0,32.0,112.0,37.0,70.0,46.0,22.0,36.0,40.0,49.0,42.0,39.0,41.0,46.0,74.0,67.0,19.0,24.0,17.0,38.0,212.0,99.0,169.0,35.0,39.0,22.0,25.0,27.0,89.0,29.0,61.0,5.0,79.0,35.0,19.0,175.0,36.0,27.0,54.0,13.0,27.0,98.0,53.0
2022-03-01,197.0,44.0,41.0,33.0,49.0,15.0,79.0,12.0,27.0,16.0,10.0,53.0,3.0,5.0,4.0,107.0,26.0,22.0,11.0,36.0,49.0,30.0,26.0,43.0,25.0,32.0,83.0,10.0,47.0,24.0,27.0,11.0,16.0,13.0,19.0,10.0,24.0,50.0,33.0,92.0,148.0,42.0,25.0,38.0,135.0,11.0,26.0,27.0,14.0,10.0,15.0,44.0,16.0,23.0,22.0,37.0,24.0,20.0,16.0,11.0,21.0,8.0,4.0,28.0,17.0,18.0,11.0,30.0,16.0,20.0,21.0,12.0,9.0,20.0,11.0,7.0,27.0,23.0,29.0,41.0,37.0,54.0,22.0,20.0,121.0,19.0,6.0,73.0,17.0,21.0,6.0,41.0,17.0,31.0,235.0,58.0,34.0,46.0,28.0,22.0,31.0,10.0,12.0,8.0,7.0,22.0,45.0,6.0,11.0,72.0,213.0,17.0,61.0,53.0,46.0,14.0,28.0,32.0,25.0,45.0,51.0,64.0,31.0,17.0,26.0,19.0,71.0,50.0,49.0,89.0,22.0,36.0,42.0,18.0,7.0,35.0,8.0,7.0,21.0,42.0,48.0,65.0,69.0,40.0,9.0,31.0,23.0,84.0,49.0,11.0,13.0,15.0,11.0,2.0,34.0,11.0,14.0,94.0,50.0,42.0,14.0,10.0,84.0,19.0,55.0,13.0,21.0,26.0,131.0,35.0,19.0,74.0,42.0,48.0,51.0,46.0,106.0,66.0,36.0,66.0,102.0,34.0,19.0,27.0,2.0,30.0,58.0,95.0,100.0,44.0,54.0,75.0,41.0,28.0,30.0,13.0,28.0,15.0,14.0,6.0,12.0,7.0,14.0,11.0,8.0,9.0,570.0,101.0,49.0,12.0,78.0,65.0,30.0,30.0,54.0,29.0,39.0,33.0,20.0,20.0,25.0,33.0,11.0,5.0,12.0,26.0,8.0,164.0,36.0,13.0,6.0,37.0,37.0,12.0,31.0,55.0,42.0,52.0,78.0,27.0,158.0,31.0,47.0,73.0,17.0,26.0,26.0,29.0,58.0,26.0,29.0,47.0,49.0,100.0,28.0,58.0,65.0,56.0,52.0,54.0,105.0,16.0,15.0,17.0,7.0,6.0,25.0,32.0,16.0,15.0,31.0,42.0,15.0,25.0,55.0,6.0,16.0,17.0,25.0,22.0,10.0,43.0,70.0,130.0,74.0,92.0,34.0,34.0,44.0,91.0,9.0,24.0,44.0,34.0,14.0,39.0,119.0,204.0,99.0,104.0,48.0,36.0,84.0,47.0,99.0,107.0,33.0,36.0,62.0,43.0,20.0,36.0,105.0,96.0,60.0,35.0,21.0,24.0,33.0,13.0,24.0,48.0,32.0,22.0,32.0,54.0,20.0,121.0,106.0,105.0,84.0,49.0,45.0,57.0,48.0,52.0,44.0,36.0,34.0,8.0,9.0,34.0,6.0,13.0,28.0,18.0,12.0,37.0,20.0,28.0,34.0,39.0,32.0,91.0,84.0,50.0,14.0,45.0,68.0,88.0,117.0,36.0,65.0,92.0,70.0,32.0,39.0,73.0,158.0,51.0,56.0,25.0,387.0,118.0,35.0,38.0,41.0,32.0,34.0,21.0,26.0,29.0,19.0,13.0,32.0,5.0,23.0,57.0,83.0,109.0,47.0,54.0,144.0,239.0,84.0,55.0,144.0,42.0,35.0,64.0,67.0,168.0,58.0,32.0,112.0,37.0,70.0,46.0,22.0,36.0,40.0,49.0,42.0,39.0,41.0,46.0,74.0,67.0,19.0,24.0,17.0,38.0,212.0,99.0,169.0,35.0,39.0,22.0,25.0,27.0,89.0,29.0,61.0,5.0,79.0,35.0,19.0,175.0,36.0,27.0,54.0,13.0,27.0,98.0,53.0
2022-04-01,197.0,44.0,41.0,33.0,49.0,15.0,79.0,12.0,27.0,16.0,10.0,53.0,3.0,5.0,4.0,107.0,26.0,22.0,11.0,36.0,49.0,30.0,26.0,43.0,25.0,32.0,83.0,10.0,47.0,24.0,27.0,11.0,16.0,13.0,19.0,10.0,24.0,50.0,33.0,92.0,148.0,42.0,25.0,38.0,135.0,11.0,26.0,27.0,14.0,10.0,15.0,44.0,16.0,23.0,22.0,37.0,24.0,20.0,16.0,11.0,21.0,8.0,4.0,28.0,17.0,18.0,11.0,30.0,16.0,20.0,21.0,12.0,9.0,20.0,11.0,7.0,27.0,23.0,29.0,41.0,37.0,54.0,22.0,20.0,121.0,19.0,6.0,73.0,17.0,21.0,6.0,41.0,17.0,31.0,235.0,58.0,34.0,46.0,28.0,22.0,31.0,10.0,12.0,8.0,7.0,22.0,45.0,6.0,11.0,72.0,213.0,17.0,61.0,53.0,46.0,14.0,28.0,32.0,25.0,45.0,51.0,64.0,31.0,17.0,26.0,19.0,71.0,50.0,49.0,89.0,22.0,36.0,42.0,18.0,7.0,35.0,8.0,7.0,21.0,42.0,48.0,65.0,69.0,40.0,9.0,31.0,23.0,84.0,49.0,11.0,13.0,15.0,11.0,2.0,34.0,11.0,14.0,94.0,50.0,42.0,14.0,10.0,84.0,19.0,55.0,13.0,21.0,26.0,131.0,35.0,19.0,74.0,42.0,48.0,51.0,46.0,106.0,66.0,36.0,66.0,102.0,34.0,19.0,27.0,2.0,30.0,58.0,95.0,100.0,44.0,54.0,75.0,41.0,28.0,30.0,13.0,28.0,15.0,14.0,6.0,12.0,7.0,14.0,11.0,8.0,9.0,571.0,101.0,49.0,12.0,78.0,65.0,30.0,30.0,54.0,29.0,39.0,33.0,20.0,20.0,25.0,33.0,11.0,5.0,12.0,26.0,8.0,164.0,36.0,13.0,6.0,37.0,37.0,12.0,31.0,55.0,42.0,52.0,78.0,27.0,158.0,31.0,47.0,73.0,17.0,26.0,26.0,29.0,58.0,26.0,29.0,47.0,49.0,100.0,28.0,58.0,65.0,56.0,52.0,54.0,105.0,16.0,15.0,17.0,7.0,6.0,25.0,32.0,16.0,15.0,31.0,42.0,15.0,25.0,55.0,6.0,16.0,17.0,25.0,22.0,10.0,43.0,70.0,130.0,74.0,92.0,34.0,34.0,44.0,91.0,9.0,24.0,44.0,34.0,14.0,39.0,119.0,204.0,99.0,104.0,48.0,36.0,84.0,47.0,99.0,107.0,33.0,36.0,62.0,43.0,20.0,36.0,105.0,96.0,60.0,35.0,21.0,24.0,33.0,13.0,24.0,48.0,32.0,22.0,32.0,54.0,20.0,121.0,106.0,105.0,84.0,49.0,45.0,57.0,48.0,52.0,44.0,36.0,34.0,8.0,9.0,34.0,6.0,13.0,28.0,18.0,12.0,37.0,20.0,28.0,34.0,39.0,32.0,91.0,84.0,50.0,14.0,45.0,68.0,88.0,117.0,36.0,65.0,93.0,70.0,32.0,39.0,73.0,158.0,51.0,56.0,25.0,387.0,118.0,35.0,38.0,41.0,32.0,34.0,21.0,26.0,29.0,19.0,13.0,32.0,5.0,23.0,57.0,83.0,109.0,47.0,54.0,144.0,239.0,84.0,55.0,144.0,42.0,35.0,64.0,67.0,168.0,58.0,32.0,112.0,37.0,70.0,46.0,22.0,36.0,40.0,49.0,42.0,39.0,41.0,46.0,74.0,67.0,19.0,24.0,17.0,38.0,212.0,99.0,169.0,35.0,39.0,22.0,25.0,27.0,89.0,29.0,61.0,5.0,79.0,35.0,19.0,175.0,36.0,27.0,54.0,13.0,27.0,98.0,53.0
2022-05-01,197.0,44.0,41.0,33.0,49.0,15.0,79.0,12.0,27.0,16.0,10.0,53.0,3.0,5.0,4.0,110.0,26.0,22.0,11.0,36.0,49.0,31.0,26.0,43.0,25.0,32.0,84.0,10.0,47.0,24.0,27.0,11.0,16.0,13.0,19.0,10.0,24.0,50.0,33.0,92.0,148.0,42.0,25.0,38.0,135.0,11.0,26.0,27.0,14.0,10.0,15.0,44.0,16.0,23.0,22.0,37.0,24.0,20.0,16.0,11.0,21.0,8.0,4.0,28.0,17.0,18.0,11.0,30.0,16.0,20.0,21.0,12.0,9.0,20.0,11.0,7.0,27.0,23.0,29.0,41.0,37.0,54.0,22.0,20.0,121.0,19.0,6.0,73.0,17.0,21.0,6.0,41.0,17.0,31.0,235.0,58.0,34.0,46.0,28.0,22.0,31.0,10.0,12.0,8.0,7.0,22.0,45.0,6.0,11.0,72.0,213.0,17.0,61.0,53.0,46.0,14.0,28.0,32.0,25.0,45.0,51.0,64.0,31.0,17.0,26.0,19.0,71.0,50.0,49.0,89.0,22.0,36.0,42.0,18.0,7.0,35.0,8.0,7.0,21.0,42.0,48.0,65.0,69.0,40.0,9.0,31.0,23.0,84.0,49.0,11.0,13.0,15.0,11.0,2.0,34.0,11.0,14.0,94.0,50.0,42.0,14.0,10.0,84.0,19.0,55.0,13.0,21.0,26.0,131.0,35.0,19.0,74.0,42.0,48.0,51.0,46.0,106.0,66.0,36.0,66.0,102.0,34.0,19.0,27.0,2.0,30.0,58.0,95.0,100.0,44.0,54.0,75.0,41.0,28.0,30.0,13.0,28.0,15.0,14.0,6.0,12.0,7.0,14.0,11.0,8.0,9.0,571.0,101.0,49.0,12.0,78.0,65.0,30.0,30.0,54.0,29.0,39.0,33.0,20.0,20.0,25.0,33.0,11.0,5.0,12.0,26.0,8.0,164.0,36.0,13.0,6.0,37.0,37.0,12.0,31.0,55.0,42.0,52.0,78.0,27.0,158.0,31.0,47.0,73.0,17.0,26.0,26.0,29.0,58.0,26.0,29.0,47.0,49.0,100.0,28.0,58.0,65.0,56.0,52.0,54.0,105.0,16.0,15.0,17.0,7.0,6.0,25.0,32.0,16.0,15.0,31.0,42.0,15.0,25.0,55.0,6.0,16.0,17.0,25.0,22.0,10.0,43.0,70.0,130.0,74.0,92.0,34.0,34.0,44.0,91.0,9.0,24.0,44.0,34.0,14.0,39.0,119.0,204.0,99.0,104.0,48.0,36.0,84.0,47.0,99.0,107.0,33.0,36.0,62.0,43.0,20.0,36.0,105.0,96.0,60.0,35.0,21.0,24.0,33.0,13.0,24.0,48.0,32.0,22.0,32.0,54.0,20.0,121.0,106.0,105.0,84.0,49.0,45.0,57.0,48.0,52.0,44.0,36.0,34.0,8.0,9.0,34.0,6.0,13.0,28.0,18.0,12.0,37.0,20.0,28.0,34.0,39.0,32.0,91.0,84.0,50.0,14.0,45.0,68.0,88.0,117.0,36.0,65.0,94.0,70.0,32.0,39.0,73.0,158.0,51.0,56.0,25.0,387.0,118.0,35.0,38.0,41.0,32.0,34.0,21.0,26.0,29.0,19.0,13.0,32.0,5.0,23.0,57.0,83.0,109.0,47.0,54.0,144.0,239.0,84.0,55.0,144.0,42.0,35.0,64.0,67.0,168.0,58.0,32.0,112.0,37.0,70.0,46.0,23.0,36.0,40.0,49.0,42.0,39.0,41.0,46.0,74.0,67.0,19.0,24.0,17.0,38.0,212.0,102.0,169.0,35.0,39.0,22.0,25.0,27.0,89.0,29.0,61.0,5.0,79.0,35.0,19.0,175.0,36.0,27.0,54.0,13.0,27.0,98.0,53.0
2022-06-01,197.0,44.0,41.0,33.0,49.0,15.0,79.0,12.0,27.0,16.0,10.0,53.0,3.0,5.0,4.0,110.0,26.0,22.0,11.0,36.0,49.0,31.0,26.0,43.0,25.0,32.0,84.0,10.0,47.0,24.0,27.0,11.0,16.0,13.0,19.0,10.0,24.0,50.0,33.0,92.0,148.0,42.0,25.0,38.0,135.0,11.0,26.0,27.0,14.0,10.0,15.0,44.0,16.0,23.0,22.0,37.0,24.0,20.0,16.0,11.0,21.0,8.0,4.0,28.0,17.0,18.0,11.0,30.0,16.0,20.0,21.0,12.0,9.0,20.0,11.0,7.0,27.0,23.0,29.0,41.0,37.0,54.0,22.0,20.0,121.0,19.0,6.0,73.0,17.0,21.0,6.0,41.0,17.0,31.0,235.0,58.0,34.0,46.0,28.0,22.0,31.0,10.0,12.0,8.0,7.0,22.0,45.0,6.0,11.0,72.0,213.0,17.0,61.0,53.0,46.0,14.0,28.0,32.0,25.0,45.0,51.0,64.0,33.0,17.0,26.0,19.0,71.0,50.0,49.0,89.0,23.0,36.0,42.0,18.0,7.0,35.0,8.0,7.0,21.0,42.0,48.0,65.0,69.0,40.0,9.0,31.0,23.0,84.0,49.0,11.0,13.0,15.0,11.0,2.0,34.0,11.0,14.0,94.0,50.0,42.0,14.0,10.0,84.0,19.0,55.0,13.0,21.0,26.0,131.0,35.0,19.0,74.0,42.0,48.0,51.0,46.0,106.0,66.0,36.0,66.0,102.0,34.0,19.0,27.0,2.0,30.0,58.0,95.0,100.0,44.0,54.0,75.0,41.0,28.0,30.0,13.0,28.0,15.0,14.0,6.0,12.0,7.0,14.0,11.0,8.0,9.0,571.0,101.0,49.0,12.0,78.0,65.0,30.0,30.0,54.0,29.0,39.0,33.0,20.0,20.0,25.0,33.0,11.0,5.0,12.0,26.0,8.0,164.0,36.0,13.0,6.0,37.0,37.0,12.0,31.0,55.0,42.0,52.0,78.0,27.0,158.0,31.0,47.0,73.0,17.0,26.0,26.0,29.0,58.0,26.0,29.0,47.0,49.0,102.0,28.0,58.0,65.0,56.0,52.0,54.0,105.0,16.0,15.0,17.0,7.0,6.0,25.0,32.0,16.0,15.0,31.0,42.0,15.0,25.0,55.0,6.0,16.0,17.0,25.0,22.0,10.0,43.0,70.0,130.0,74.0,92.0,34.0,34.0,44.0,91.0,9.0,24.0,44.0,34.0,14.0,39.0,119.0,204.0,99.0,104.0,48.0,36.0,84.0,47.0,99.0,107.0,33.0,36.0,62.0,43.0,20.0,36.0,105.0,96.0,60.0,35.0,21.0,24.0,33.0,13.0,24.0,48.0,32.0,22.0,32.0,54.0,20.0,121.0,107.0,105.0,84.0,49.0,45.0,57.0,48.0,52.0,44.0,36.0,34.0,8.0,9.0,34.0,6.0,13.0,28.0,18.0,12.0,37.0,20.0,28.0,34.0,39.0,32.0,91.0,84.0,50.0,14.0,45.0,68.0,88.0,117.0,36.0,65.0,94.0,70.0,32.0,39.0,73.0,158.0,51.0,56.0,25.0,387.0,118.0,35.0,38.0,41.0,32.0,34.0,21.0,26.0,29.0,19.0,13.0,32.0,5.0,23.0,57.0,83.0,109.0,47.0,54.0,144.0,239.0,84.0,55.0,144.0,42.0,35.0,64.0,67.0,168.0,58.0,32.0,112.0,37.0,70.0,46.0,23.0,36.0,40.0,49.0,42.0,39.0,41.0,46.0,74.0,67.0,19.0,24.0,17.0,38.0,212.0,102.0,169.0,35.0,39.0,22.0,25.0,27.0,89.0,29.0,61.0,5.0,79.0,35.0,19.0,175.0,36.0,27.0,54.0,13.0,27.0,98.0,53.0
2022-07-01,197.0,44.0,41.0,33.0,49.0,15.0,79.0,12.0,27.0,16.0,10.0,53.0,3.0,5.0,4.0,110.0,26.0,22.0,11.0,36.0,49.0,31.0,26.0,43.0,25.0,32.0,84.0,10.0,47.0,24.0,27.0,11.0,16.0,13.0,19.0,10.0,24.0,50.0,33.0,92.0,148.0,42.0,25.0,38.0,135.0,11.0,26.0,27.0,14.0,10.0,15.0,44.0,16.0,23.0,22.0,37.0,24.0,20.0,16.0,11.0,21.0,8.0,4.0,28.0,17.0,18.0,11.0,30.0,16.0,20.0,21.0,12.0,9.0,20.0,11.0,7.0,27.0,23.0,29.0,41.0,37.0,54.0,22.0,20.0,121.0,19.0,6.0,73.0,17.0,21.0,6.0,41.0,17.0,31.0,235.0,58.0,34.0,46.0,28.0,22.0,31.0,10.0,12.0,8.0,7.0,22.0,45.0,6.0,11.0,72.0,213.0,17.0,61.0,53.0,46.0,14.0,28.0,32.0,25.0,45.0,51.0,64.0,33.0,17.0,26.0,19.0,71.0,50.0,49.0,89.0,23.0,36.0,42.0,18.0,7.0,35.0,8.0,7.0,21.0,42.0,48.0,65.0,69.0,40.0,9.0,31.0,23.0,84.0,49.0,11.0,13.0,15.0,11.0,2.0,34.0,11.0,14.0,94.0,50.0,42.0,14.0,10.0,84.0,19.0,55.0,13.0,21.0,26.0,131.0,35.0,19.0,74.0,42.0,48.0,51.0,46.0,106.0,66.0,36.0,66.0,102.0,34.0,19.0,27.0,2.0,30.0,58.0,95.0,100.0,44.0,54.0,75.0,41.0,28.0,30.0,13.0,28.0,15.0,14.0,6.0,12.0,7.0,14.0,11.0,8.0,9.0,571.0,101.0,49.0,12.0,78.0,65.0,30.0,30.0,54.0,29.0,39.0,33.0,20.0,20.0,25.0,33.0,11.0,5.0,12.0,26.0,8.0,164.0,36.0,13.0,6.0,37.0,37.0,12.0,31.0,55.0,42.0,52.0,78.0,27.0,158.0,31.0,47.0,73.0,17.0,26.0,26.0,29.0,58.0,26.0,29.0,47.0,51.0,104.0,28.0,58.0,65.0,56.0,52.0,54.0,105.0,16.0,15.0,17.0,7.0,6.0,25.0,32.0,16.0,15.0,31.0,42.0,15.0,25.0,55.0,6.0,16.0,17.0,25.0,22.0,10.0,43.0,70.0,130.0,74.0,92.0,34.0,34.0,44.0,91.0,9.0,24.0,44.0,34.0,14.0,39.0,119.0,204.0,99.0,104.0,48.0,36.0,84.0,47.0,99.0,107.0,33.0,36.0,62.0,43.0,20.0,36.0,105.0,96.0,60.0,35.0,21.0,24.0,33.0,13.0,24.0,48.0,32.0,22.0,32.0,55.0,20.0,121.0,107.0,105.0,84.0,49.0,45.0,57.0,48.0,52.0,44.0,36.0,34.0,8.0,9.0,34.0,6.0,13.0,28.0,18.0,12.0,37.0,20.0,28.0,34.0,39.0,32.0,91.0,84.0,50.0,14.0,45.0,68.0,88.0,117.0,36.0,65.0,94.0,70.0,32.0,39.0,73.0,158.0,51.0,56.0,25.0,387.0,118.0,35.0,38.0,41.0,32.0,34.0,21.0,26.0,29.0,19.0,13.0,32.0,5.0,23.0,57.0,83.0,109.0,47.0,54.0,144.0,239.0,84.0,55.0,144.0,42.0,35.0,64.0,67.0,168.0,58.0,32.0,112.0,37.0,70.0,46.0,23.0,36.0,40.0,49.0,42.0,39.0,41.0,46.0,74.0,70.0,19.0,24.0,17.0,38.0,212.0,102.0,169.0,35.0,39.0,22.0,25.0,27.0,89.0,29.0,61.0,5.0,79.0,35.0,19.0,175.0,36.0,27.0,54.0,13.0,27.0,98.0,53.0
2022-08-01,197.0,44.0,41.0,33.0,49.0,15.0,79.0,12.0,27.0,16.0,10.0,53.0,3.0,5.0,4.0,110.0,26.0,22.0,11.0,36.0,49.0,31.0,26.0,43.0,25.0,32.0,84.0,10.0,47.0,24.0,27.0,11.0,16.0,13.0,19.0,10.0,24.0,50.0,33.0,92.0,148.0,42.0,25.0,38.0,135.0,11.0,26.0,27.0,14.0,10.0,15.0,44.0,16.0,23.0,22.0,37.0,24.0,20.0,16.0,11.0,21.0,8.0,4.0,28.0,17.0,18.0,11.0,30.0,16.0,20.0,21.0,12.0,9.0,20.0,11.0,7.0,27.0,23.0,29.0,41.0,37.0,54.0,22.0,20.0,121.0,19.0,6.0,73.0,17.0,21.0,6.0,41.0,17.0,31.0,235.0,58.0,34.0,46.0,28.0,22.0,31.0,10.0,12.0,8.0,7.0,22.0,45.0,6.0,11.0,72.0,213.0,17.0,61.0,53.0,46.0,14.0,28.0,32.0,25.0,45.0,51.0,64.0,33.0,17.0,26.0,19.0,71.0,50.0,49.0,89.0,23.0,36.0,42.0,18.0,7.0,35.0,8.0,7.0,21.0,42.0,48.0,65.0,69.0,40.0,9.0,31.0,23.0,84.0,49.0,11.0,13.0,15.0,11.0,2.0,34.0,11.0,14.0,94.0,50.0,42.0,14.0,10.0,84.0,19.0,55.0,13.0,21.0,26.0,131.0,35.0,19.0,74.0,42.0,48.0,51.0,46.0,106.0,66.0,36.0,66.0,102.0,34.0,19.0,27.0,2.0,30.0,58.0,95.0,100.0,44.0,54.0,75.0,41.0,28.0,30.0,13.0,28.0,15.0,14.0,6.0,12.0,7.0,14.0,11.0,8.0,9.0,571.0,101.0,49.0,12.0,78.0,65.0,30.0,30.0,54.0,29.0,39.0,33.0,20.0,20.0,25.0,33.0,11.0,5.0,12.0,26.0,8.0,164.0,36.0,13.0,6.0,37.0,37.0,12.0,31.0,55.0,42.0,52.0,78.0,27.0,158.0,31.0,47.0,73.0,17.0,26.0,26.0,29.0,58.0,26.0,29.0,47.0,51.0,104.0,28.0,58.0,65.0,56.0,52.0,54.0,105.0,16.0,15.0,17.0,7.0,6.0,25.0,32.0,16.0,15.0,31.0,42.0,15.0,25.0,55.0,6.0,16.0,17.0,25.0,22.0,10.0,43.0,70.0,130.0,74.0,92.0,34.0,34.0,44.0,91.0,9.0,24.0,44.0,34.0,14.0,39.0,119.0,204.0,99.0,104.0,48.0,36.0,84.0,47.0,99.0,107.0,33.0,36.0,62.0,43.0,20.0,36.0,105.0,96.0,60.0,35.0,21.0,24.0,33.0,13.0,24.0,48.0,32.0,22.0,32.0,55.0,20.0,121.0,107.0,105.0,84.0,49.0,45.0,57.0,48.0,52.0,44.0,36.0,34.0,8.0,9.0,34.0,6.0,13.0,28.0,18.0,12.0,37.0,20.0,28.0,34.0,39.0,32.0,91.0,84.0,50.0,14.0,45.0,68.0,88.0,117.0,36.0,65.0,94.0,70.0,32.0,39.0,73.0,158.0,51.0,56.0,25.0,387.0,118.0,35.0,38.0,41.0,32.0,34.0,21.0,26.0,29.0,19.0,13.0,32.0,5.0,23.0,57.0,83.0,109.0,47.0,54.0,144.0,239.0,84.0,55.0,144.0,42.0,35.0,64.0,67.0,168.0,58.0,32.0,112.0,37.0,70.0,46.0,23.0,36.0,40.0,49.0,42.0,39.0,41.0,46.0,74.0,70.0,19.0,24.0,17.0,38.0,212.0,102.0,169.0,35.0,39.0,22.0,25.0,27.0,89.0,29.0,61.0,5.0,79.0,35.0,19.0,175.0,36.0,27.0,54.0,13.0,27.0,98.0,53.0
2022-09-01,197.0,44.0,41.0,33.0,49.0,15.0,79.0,12.0,27.0,16.0,10.0,53.0,3.0,5.0,4.0,110.0,26.0,22.0,11.0,36.0,49.0,31.0,26.0,43.0,25.0,32.0,84.0,10.0,47.0,24.0,27.0,11.0,16.0,13.0,19.0,10.0,24.0,50.0,33.0,92.0,148.0,42.0,25.0,38.0,135.0,11.0,26.0,27.0,14.0,10.0,15.0,44.0,16.0,23.0,22.0,37.0,24.0,20.0,16.0,11.0,21.0,8.0,4.0,28.0,17.0,18.0,11.0,30.0,16.0,20.0,21.0,12.0,9.0,20.0,11.0,7.0,27.0,23.0,29.0,41.0,37.0,54.0,22.0,20.0,121.0,19.0,6.0,73.0,17.0,21.0,6.0,41.0,17.0,31.0,235.0,58.0,34.0,46.0,28.0,22.0,31.0,10.0,12.0,8.0,7.0,22.0,45.0,6.0,11.0,72.0,214.0,17.0,61.0,53.0,46.0,14.0,28.0,32.0,25.0,45.0,51.0,64.0,33.0,17.0,26.0,19.0,71.0,50.0,49.0,89.0,23.0,36.0,42.0,18.0,7.0,35.0,8.0,7.0,21.0,42.0,48.0,65.0,69.0,40.0,9.0,31.0,23.0,84.0,49.0,11.0,13.0,15.0,11.0,2.0,34.0,11.0,14.0,94.0,50.0,42.0,14.0,10.0,84.0,19.0,55.0,13.0,21.0,26.0,131.0,35.0,19.0,74.0,42.0,48.0,51.0,46.0,106.0,66.0,36.0,66.0,102.0,34.0,19.0,27.0,2.0,30.0,58.0,95.0,100.0,44.0,54.0,75.0,41.0,28.0,30.0,13.0,28.0,15.0,14.0,6.0,12.0,7.0,14.0,11.0,8.0,9.0,571.0,101.0,49.0,12.0,78.0,66.0,30.0,30.0,54.0,29.0,39.0,33.0,20.0,20.0,25.0,33.0,11.0,5.0,12.0,26.0,8.0,164.0,36.0,13.0,6.0,37.0,37.0,12.0,31.0,55.0,42.0,52.0,78.0,27.0,158.0,31.0,47.0,73.0,17.0,26.0,26.0,29.0,58.0,26.0,29.0,47.0,51.0,104.0,28.0,58.0,65.0,56.0,52.0,54.0,105.0,16.0,15.0,17.0,7.0,6.0,25.0,32.0,16.0,15.0,31.0,42.0,15.0,25.0,55.0,6.0,16.0,17.0,25.0,22.0,10.0,43.0,70.0,130.0,74.0,92.0,34.0,34.0,44.0,91.0,9.0,24.0,44.0,34.0,14.0,39.0,119.0,204.0,99.0,104.0,48.0,36.0,84.0,47.0,99.0,107.0,33.0,36.0,62.0,43.0,20.0,36.0,105.0,96.0,60.0,35.0,21.0,24.0,33.0,13.0,24.0,48.0,32.0,22.0,32.0,55.0,20.0,121.0,107.0,105.0,84.0,49.0,45.0,57.0,48.0,52.0,44.0,36.0,34.0,8.0,9.0,34.0,6.0,13.0,28.0,18.0,12.0,37.0,20.0,28.0,34.0,39.0,32.0,91.0,84.0,50.0,14.0,45.0,68.0,88.0,117.0,36.0,65.0,94.0,70.0,32.0,39.0,73.0,158.0,51.0,56.0,25.0,387.0,118.0,36.0,38.0,41.0,32.0,34.0,21.0,26.0,29.0,19.0,13.0,32.0,5.0,23.0,57.0,83.0,109.0,47.0,55.0,144.0,239.0,84.0,55.0,144.0,42.0,35.0,64.0,67.0,168.0,58.0,32.0,112.0,37.0,70.0,46.0,23.0,36.0,40.0,49.0,42.0,39.0,41.0,46.0,74.0,70.0,19.0,24.0,17.0,38.0,212.0,102.0,169.0,35.0,39.0,22.0,25.0,27.0,89.0,29.0,61.0,5.0,79.0,35.0,19.0,175.0,36.0,27.0,54.0,13.0,27.0,98.0,53.0
2022-10-01,197.0,44.0,41.0,33.0,49.0,15.0,79.0,12.0,27.0,16.0,10.0,53.0,3.0,5.0,4.0,110.0,26.0,22.0,11.0,36.0,49.0,31.0,26.0,43.0,25.0,32.0,84.0,10.0,47.0,24.0,27.0,11.0,16.0,13.0,19.0,10.0,24.0,50.0,33.0,92.0,148.0,42.0,25.0,38.0,135.0,11.0,26.0,27.0,14.0,10.0,15.0,44.0,16.0,23.0,22.0,37.0,24.0,20.0,16.0,11.0,21.0,8.0,4.0,28.0,17.0,18.0,11.0,30.0,16.0,20.0,21.0,12.0,9.0,20.0,11.0,7.0,27.0,23.0,29.0,41.0,37.0,54.0,22.0,20.0,121.0,19.0,6.0,73.0,17.0,21.0,6.0,41.0,17.0,31.0,235.0,58.0,34.0,46.0,28.0,22.0,31.0,10.0,12.0,8.0,7.0,22.0,45.0,6.0,11.0,72.0,214.0,17.0,61.0,53.0,46.0,14.0,28.0,32.0,25.0,45.0,51.0,64.0,33.0,17.0,26.0,19.0,71.0,50.0,49.0,89.0,23.0,36.0,42.0,18.0,7.0,35.0,8.0,7.0,21.0,42.0,48.0,65.0,69.0,40.0,9.0,31.0,23.0,84.0,49.0,11.0,13.0,15.0,11.0,2.0,34.0,11.0,14.0,94.0,50.0,42.0,14.0,10.0,84.0,19.0,55.0,13.0,21.0,26.0,131.0,35.0,19.0,74.0,42.0,48.0,51.0,46.0,106.0,66.0,36.0,66.0,102.0,34.0,19.0,27.0,2.0,30.0,58.0,95.0,100.0,44.0,54.0,75.0,41.0,28.0,30.0,13.0,28.0,15.0,14.0,6.0,12.0,7.0,14.0,11.0,8.0,9.0,571.0,101.0,49.0,12.0,78.0,66.0,30.0,30.0,54.0,29.0,39.0,33.0,20.0,20.0,25.0,33.0,11.0,5.0,12.0,26.0,8.0,164.0,36.0,13.0,6.0,37.0,37.0,12.0,31.0,55.0,42.0,52.0,78.0,27.0,158.0,31.0,47.0,73.0,17.0,26.0,26.0,29.0,58.0,26.0,29.0,47.0,51.0,104.0,28.0,58.0,65.0,56.0,52.0,54.0,105.0,16.0,15.0,17.0,7.0,6.0,25.0,32.0,16.0,15.0,31.0,42.0,15.0,25.0,55.0,6.0,16.0,17.0,25.0,22.0,10.0,43.0,70.0,130.0,74.0,92.0,34.0,34.0,44.0,91.0,9.0,24.0,44.0,34.0,14.0,39.0,119.0,204.0,99.0,104.0,48.0,36.0,84.0,47.0,99.0,107.0,33.0,36.0,62.0,43.0,20.0,36.0,105.0,96.0,60.0,35.0,21.0,24.0,33.0,13.0,24.0,48.0,32.0,22.0,32.0,55.0,20.0,121.0,107.0,105.0,84.0,49.0,45.0,57.0,48.0,52.0,44.0,36.0,34.0,8.0,9.0,34.0,6.0,13.0,28.0,18.0,12.0,37.0,20.0,28.0,34.0,39.0,32.0,91.0,84.0,50.0,14.0,45.0,68.0,88.0,117.0,36.0,65.0,94.0,70.0,32.0,39.0,73.0,158.0,51.0,56.0,25.0,387.0,118.0,36.0,38.0,41.0,32.0,34.0,21.0,26.0,29.0,19.0,13.0,32.0,5.0,23.0,57.0,83.0,109.0,47.0,55.0,144.0,239.0,84.0,55.0,144.0,42.0,35.0,64.0,67.0,168.0,58.0,32.0,112.0,37.0,70.0,46.0,23.0,36.0,40.0,49.0,42.0,39.0,41.0,46.0,74.0,70.0,19.0,24.0,17.0,38.0,212.0,102.0,169.0,35.0,39.0,22.0,25.0,27.0,89.0,29.0,61.0,5.0,79.0,35.0,19.0,175.0,36.0,27.0,54.0,13.0,27.0,98.0,53.0
2022-11-01,197.0,44.0,41.0,33.0,49.0,15.0,79.0,12.0,27.0,16.0,10.0,53.0,3.0,5.0,4.0,110.0,26.0,22.0,11.0,36.0,49.0,31.0,26.0,43.0,25.0,32.0,84.0,10.0,47.0,24.0,27.0,11.0,16.0,13.0,19.0,10.0,24.0,50.0,33.0,92.0,148.0,42.0,25.0,38.0,135.0,11.0,26.0,27.0,14.0,10.0,15.0,44.0,16.0,23.0,22.0,37.0,24.0,20.0,16.0,11.0,21.0,8.0,4.0,28.0,17.0,18.0,11.0,30.0,16.0,20.0,21.0,12.0,9.0,20.0,11.0,7.0,27.0,23.0,29.0,41.0,37.0,54.0,22.0,20.0,121.0,19.0,6.0,73.0,17.0,21.0,6.0,41.0,17.0,31.0,235.0,58.0,34.0,46.0,28.0,22.0,31.0,10.0,12.0,8.0,7.0,22.0,45.0,6.0,11.0,72.0,214.0,17.0,61.0,53.0,46.0,14.0,28.0,32.0,25.0,45.0,51.0,64.0,33.0,17.0,26.0,19.0,71.0,50.0,49.0,89.0,23.0,36.0,42.0,18.0,7.0,35.0,8.0,7.0,21.0,42.0,48.0,65.0,69.0,40.0,9.0,31.0,23.0,84.0,49.0,11.0,13.0,15.0,11.0,2.0,34.0,11.0,14.0,95.0,50.0,42.0,14.0,10.0,84.0,19.0,55.0,13.0,21.0,26.0,131.0,35.0,19.0,74.0,42.0,48.0,51.0,46.0,106.0,66.0,36.0,66.0,102.0,34.0,19.0,27.0,2.0,30.0,58.0,95.0,100.0,44.0,54.0,75.0,41.0,28.0,30.0,13.0,28.0,15.0,14.0,6.0,12.0,7.0,14.0,11.0,8.0,9.0,571.0,101.0,49.0,12.0,78.0,66.0,30.0,30.0,54.0,29.0,39.0,33.0,20.0,20.0,25.0,33.0,11.0,5.0,12.0,26.0,8.0,166.0,36.0,13.0,6.0,37.0,37.0,12.0,31.0,55.0,42.0,52.0,78.0,27.0,158.0,31.0,47.0,73.0,17.0,26.0,26.0,29.0,58.0,26.0,29.0,47.0,51.0,104.0,28.0,58.0,65.0,56.0,52.0,54.0,105.0,16.0,15.0,17.0,7.0,6.0,25.0,32.0,16.0,15.0,31.0,42.0,15.0,25.0,55.0,6.0,16.0,17.0,25.0,22.0,10.0,43.0,70.0,130.0,74.0,92.0,34.0,34.0,44.0,91.0,9.0,24.0,44.0,34.0,14.0,39.0,119.0,204.0,99.0,104.0,48.0,36.0,84.0,47.0,99.0,107.0,33.0,36.0,62.0,43.0,20.0,36.0,105.0,96.0,60.0,35.0,21.0,24.0,33.0,13.0,24.0,48.0,32.0,22.0,32.0,55.0,20.0,121.0,107.0,105.0,84.0,49.0,45.0,57.0,48.0,52.0,44.0,36.0,34.0,8.0,9.0,34.0,6.0,13.0,28.0,18.0,12.0,37.0,20.0,28.0,34.0,39.0,32.0,91.0,84.0,50.0,14.0,45.0,68.0,88.0,117.0,36.0,65.0,94.0,70.0,32.0,39.0,73.0,158.0,51.0,56.0,25.0,387.0,118.0,36.0,38.0,41.0,32.0,34.0,21.0,26.0,29.0,19.0,13.0,32.0,5.0,23.0,57.0,83.0,109.0,47.0,55.0,144.0,239.0,84.0,55.0,144.0,42.0,35.0,64.0,67.0,168.0,58.0,32.0,112.0,37.0,70.0,46.0,23.0,36.0,40.0,49.0,42.0,39.0,41.0,46.0,74.0,70.0,19.0,24.0,17.0,38.0,212.0,102.0,169.0,35.0,39.0,22.0,25.0,27.0,89.0,29.0,61.0,5.0,79.0,35.0,19.0,175.0,36.0,27.0,54.0,13.0,27.0,98.0,53.0
2022-12-01,197.0,44.0,41.0,33.0,49.0,15.0,79.0,12.0,27.0,16.0,10.0,53.0,3.0,5.0,4.0,110.0,26.0,22.0,11.0,36.0,49.0,31.0,26.0,43.0,25.0,32.0,84.0,10.0,47.0,24.0,27.0,11.0,16.0,13.0,19.0,10.0,24.0,50.0,33.0,92.0,148.0,42.0,25.0,38.0,135.0,11.0,26.0,27.0,14.0,10.0,15.0,44.0,16.0,23.0,22.0,37.0,24.0,20.0,16.0,11.0,21.0,8.0,4.0,28.0,17.0,18.0,11.0,30.0,16.0,20.0,21.0,12.0,9.0,20.0,11.0,7.0,27.0,23.0,29.0,41.0,37.0,54.0,22.0,20.0,121.0,19.0,6.0,73.0,17.0,21.0,6.0,41.0,17.0,31.0,235.0,58.0,34.0,46.0,28.0,22.0,31.0,10.0,12.0,8.0,7.0,22.0,45.0,6.0,11.0,72.0,214.0,17.0,61.0,53.0,46.0,14.0,28.0,32.0,25.0,45.0,51.0,64.0,33.0,17.0,26.0,19.0,71.0,50.0,49.0,89.0,23.0,36.0,42.0,18.0,7.0,35.0,8.0,7.0,21.0,42.0,48.0,65.0,69.0,40.0,9.0,31.0,23.0,84.0,49.0,11.0,13.0,15.0,11.0,2.0,34.0,11.0,14.0,96.0,50.0,42.0,14.0,10.0,84.0,19.0,55.0,13.0,21.0,26.0,133.0,35.0,19.0,74.0,42.0,48.0,51.0,46.0,106.0,66.0,36.0,66.0,102.0,34.0,19.0,27.0,2.0,30.0,58.0,95.0,100.0,44.0,54.0,75.0,41.0,28.0,30.0,13.0,28.0,15.0,14.0,6.0,12.0,7.0,14.0,11.0,8.0,9.0,571.0,101.0,49.0,12.0,78.0,66.0,30.0,30.0,54.0,29.0,39.0,33.0,20.0,20.0,25.0,33.0,11.0,5.0,12.0,26.0,8.0,166.0,36.0,13.0,6.0,37.0,38.0,12.0,31.0,55.0,42.0,52.0,78.0,27.0,158.0,31.0,47.0,73.0,20.0,26.0,26.0,29.0,58.0,26.0,29.0,47.0,51.0,104.0,28.0,58.0,65.0,56.0,52.0,54.0,105.0,16.0,15.0,17.0,7.0,6.0,25.0,32.0,16.0,15.0,31.0,42.0,15.0,25.0,55.0,6.0,16.0,17.0,25.0,22.0,10.0,43.0,70.0,130.0,74.0,92.0,34.0,34.0,44.0,91.0,9.0,24.0,44.0,34.0,14.0,39.0,119.0,205.0,99.0,104.0,48.0,36.0,84.0,47.0,99.0,107.0,33.0,36.0,62.0,43.0,20.0,36.0,105.0,96.0,60.0,35.0,21.0,24.0,33.0,13.0,24.0,48.0,32.0,22.0,32.0,55.0,20.0,121.0,107.0,105.0,84.0,49.0,45.0,57.0,48.0,52.0,44.0,36.0,34.0,8.0,9.0,34.0,6.0,13.0,28.0,18.0,12.0,37.0,20.0,28.0,34.0,39.0,32.0,91.0,84.0,50.0,14.0,45.0,68.0,88.0,117.0,36.0,65.0,94.0,70.0,32.0,39.0,73.0,158.0,51.0,56.0,25.0,387.0,118.0,36.0,38.0,41.0,32.0,34.0,21.0,26.0,29.0,19.0,13.0,32.0,5.0,23.0,57.0,83.0,109.0,47.0,55.0,144.0,239.0,84.0,55.0,144.0,42.0,35.0,64.0,67.0,168.0,58.0,32.0,112.0,37.0,70.0,46.0,23.0,36.0,40.0,49.0,42.0,39.0,41.0,46.0,74.0,70.0,19.0,24.0,17.0,38.0,212.0,102.0,169.0,35.0,39.0,22.0,25.0,27.0,89.0,29.0,61.0,5.0,79.0,35.0,19.0,175.0,36.0,27.0,54.0,13.0,27.0,98.0,53.0
2023-01-01,197.0,45.0,41.0,33.0,49.0,15.0,79.0,12.0,27.0,16.0,10.0,53.0,3.0,5.0,4.0,110.0,26.0,22.0,11.0,36.0,49.0,31.0,26.0,43.0,25.0,32.0,84.0,10.0,47.0,24.0,27.0,11.0,16.0,13.0,19.0,10.0,24.0,50.0,33.0,92.0,148.0,42.0,25.0,38.0,135.0,11.0,26.0,27.0,14.0,10.0,15.0,44.0,16.0,23.0,22.0,37.0,24.0,20.0,16.0,11.0,21.0,8.0,4.0,28.0,17.0,18.0,11.0,30.0,16.0,20.0,21.0,12.0,9.0,20.0,11.0,7.0,27.0,23.0,29.0,41.0,37.0,54.0,22.0,20.0,121.0,19.0,6.0,73.0,17.0,21.0,6.0,41.0,17.0,31.0,235.0,58.0,34.0,46.0,28.0,22.0,31.0,10.0,12.0,8.0,7.0,22.0,45.0,6.0,11.0,72.0,214.0,17.0,61.0,53.0,46.0,14.0,28.0,32.0,25.0,45.0,51.0,64.0,33.0,17.0,26.0,19.0,71.0,50.0,49.0,89.0,23.0,36.0,42.0,18.0,7.0,35.0,8.0,7.0,21.0,42.0,48.0,65.0,69.0,40.0,9.0,31.0,23.0,84.0,49.0,11.0,13.0,15.0,11.0,2.0,34.0,11.0,14.0,96.0,50.0,42.0,14.0,10.0,84.0,19.0,55.0,13.0,21.0,26.0,133.0,35.0,19.0,74.0,42.0,48.0,51.0,46.0,106.0,66.0,36.0,66.0,102.0,34.0,19.0,27.0,2.0,30.0,58.0,95.0,100.0,44.0,54.0,75.0,41.0,28.0,30.0,13.0,28.0,15.0,14.0,6.0,12.0,7.0,14.0,11.0,8.0,9.0,571.0,101.0,49.0,12.0,78.0,66.0,30.0,30.0,54.0,29.0,39.0,33.0,20.0,20.0,25.0,33.0,11.0,5.0,12.0,26.0,8.0,166.0,36.0,13.0,6.0,37.0,38.0,12.0,31.0,55.0,42.0,52.0,78.0,27.0,158.0,31.0,47.0,73.0,20.0,26.0,26.0,29.0,58.0,26.0,29.0,47.0,51.0,104.0,28.0,58.0,65.0,56.0,52.0,54.0,105.0,16.0,15.0,17.0,7.0,6.0,25.0,32.0,16.0,15.0,31.0,42.0,15.0,25.0,55.0,6.0,16.0,17.0,25.0,22.0,10.0,43.0,70.0,130.0,74.0,92.0,34.0,34.0,44.0,91.0,9.0,24.0,44.0,34.0,14.0,39.0,119.0,205.0,99.0,104.0,48.0,36.0,84.0,47.0,99.0,107.0,33.0,36.0,62.0,43.0,20.0,36.0,105.0,96.0,60.0,35.0,21.0,24.0,33.0,13.0,24.0,48.0,32.0,22.0,32.0,55.0,20.0,121.0,107.0,105.0,84.0,49.0,45.0,57.0,48.0,52.0,44.0,36.0,34.0,8.0,9.0,34.0,6.0,13.0,28.0,18.0,12.0,37.0,20.0,28.0,34.0,39.0,32.0,91.0,84.0,50.0,14.0,45.0,68.0,88.0,117.0,36.0,65.0,94.0,70.0,32.0,39.0,73.0,158.0,51.0,56.0,25.0,387.0,119.0,36.0,38.0,41.0,32.0,34.0,21.0,26.0,29.0,19.0,13.0,32.0,5.0,23.0,57.0,83.0,109.0,47.0,55.0,144.0,239.0,84.0,55.0,144.0,42.0,35.0,64.0,67.0,168.0,58.0,32.0,112.0,37.0,70.0,46.0,26.0,36.0,40.0,49.0,42.0,39.0,41.0,46.0,74.0,70.0,19.0,24.0,17.0,38.0,212.0,102.0,169.0,35.0,39.0,22.0,25.0,27.0,89.0,29.0,61.0,5.0,79.0,35.0,19.0,175.0,36.0,27.0,54.0,13.0,27.0,98.0,54.0
2023-02-01,197.0,45.0,41.0,33.0,49.0,15.0,79.0,12.0,27.0,16.0,10.0,53.0,3.0,5.0,4.0,110.0,26.0,22.0,11.0,36.0,49.0,31.0,26.0,43.0,25.0,32.0,84.0,10.0,47.0,24.0,27.0,11.0,16.0,13.0,19.0,10.0,24.0,50.0,33.0,92.0,151.0,42.0,25.0,38.0,135.0,11.0,26.0,27.0,14.0,10.0,15.0,44.0,16.0,23.0,22.0,37.0,24.0,20.0,16.0,11.0,21.0,8.0,4.0,28.0,17.0,18.0,11.0,30.0,16.0,20.0,21.0,12.0,9.0,20.0,11.0,7.0,27.0,23.0,29.0,41.0,37.0,54.0,22.0,20.0,121.0,19.0,6.0,73.0,17.0,21.0,6.0,41.0,17.0,31.0,235.0,58.0,34.0,46.0,28.0,22.0,31.0,10.0,12.0,8.0,7.0,22.0,45.0,6.0,11.0,72.0,214.0,17.0,61.0,53.0,46.0,14.0,28.0,32.0,25.0,45.0,51.0,64.0,33.0,17.0,26.0,19.0,71.0,50.0,49.0,89.0,23.0,36.0,42.0,18.0,7.0,35.0,8.0,7.0,21.0,42.0,48.0,65.0,69.0,40.0,9.0,31.0,23.0,84.0,49.0,11.0,13.0,15.0,11.0,2.0,34.0,11.0,14.0,96.0,50.0,42.0,14.0,10.0,84.0,19.0,55.0,13.0,21.0,26.0,133.0,35.0,19.0,74.0,42.0,48.0,51.0,46.0,106.0,66.0,36.0,66.0,102.0,34.0,19.0,27.0,2.0,30.0,58.0,96.0,100.0,44.0,55.0,75.0,41.0,28.0,30.0,13.0,28.0,15.0,14.0,6.0,12.0,7.0,14.0,11.0,8.0,9.0,571.0,101.0,49.0,12.0,78.0,66.0,30.0,30.0,54.0,29.0,39.0,33.0,20.0,20.0,25.0,33.0,11.0,5.0,12.0,26.0,8.0,166.0,36.0,13.0,6.0,37.0,38.0,12.0,31.0,55.0,42.0,52.0,78.0,27.0,158.0,31.0,47.0,73.0,21.0,26.0,26.0,29.0,58.0,26.0,29.0,47.0,51.0,104.0,28.0,58.0,65.0,56.0,52.0,54.0,105.0,16.0,15.0,17.0,7.0,6.0,25.0,32.0,16.0,15.0,31.0,42.0,15.0,25.0,55.0,6.0,16.0,17.0,25.0,22.0,10.0,43.0,70.0,130.0,74.0,92.0,34.0,34.0,44.0,91.0,9.0,24.0,44.0,34.0,14.0,39.0,119.0,205.0,99.0,104.0,48.0,36.0,84.0,47.0,99.0,107.0,33.0,36.0,62.0,43.0,20.0,36.0,105.0,96.0,60.0,35.0,21.0,24.0,33.0,13.0,24.0,48.0,32.0,22.0,32.0,55.0,20.0,121.0,107.0,105.0,84.0,49.0,45.0,57.0,48.0,52.0,44.0,36.0,34.0,8.0,9.0,34.0,6.0,13.0,28.0,18.0,12.0,37.0,20.0,28.0,34.0,39.0,32.0,91.0,84.0,50.0,14.0,45.0,68.0,88.0,117.0,36.0,65.0,94.0,70.0,32.0,39.0,73.0,158.0,51.0,57.0,25.0,388.0,119.0,36.0,38.0,41.0,32.0,34.0,21.0,26.0,29.0,19.0,13.0,32.0,5.0,23.0,57.0,83.0,109.0,47.0,55.0,144.0,239.0,84.0,55.0,144.0,42.0,35.0,64.0,67.0,168.0,58.0,32.0,112.0,37.0,70.0,46.0,26.0,36.0,40.0,49.0,42.0,39.0,41.0,46.0,74.0,70.0,19.0,24.0,17.0,38.0,212.0,102.0,169.0,35.0,39.0,22.0,25.0,27.0,89.0,29.0,61.0,5.0,79.0,35.0,19.0,175.0,36.0,27.0,54.0,13.0,27.0,98.0,54.0
2023-03-01,197.0,45.0,41.0,33.0,49.0,15.0,79.0,12.0,27.0,16.0,10.0,53.0,3.0,5.0,4.0,110.0,26.0,22.0,11.0,36.0,49.0,31.0,26.0,43.0,25.0,32.0,84.0,10.0,47.0,24.0,27.0,11.0,16.0,13.0,19.0,10.0,24.0,50.0,33.0,92.0,152.0,42.0,25.0,38.0,135.0,11.0,26.0,27.0,14.0,10.0,15.0,44.0,16.0,23.0,22.0,37.0,24.0,20.0,16.0,11.0,21.0,8.0,4.0,28.0,17.0,18.0,11.0,30.0,16.0,20.0,21.0,12.0,9.0,20.0,11.0,7.0,27.0,23.0,29.0,41.0,37.0,54.0,22.0,20.0,121.0,19.0,6.0,73.0,17.0,21.0,6.0,41.0,17.0,31.0,235.0,58.0,34.0,46.0,28.0,22.0,31.0,10.0,12.0,8.0,7.0,22.0,45.0,6.0,11.0,72.0,214.0,17.0,61.0,53.0,46.0,14.0,28.0,32.0,25.0,45.0,51.0,64.0,33.0,17.0,26.0,19.0,71.0,50.0,49.0,89.0,23.0,36.0,42.0,18.0,7.0,35.0,8.0,7.0,21.0,42.0,48.0,65.0,69.0,40.0,9.0,31.0,23.0,84.0,49.0,11.0,13.0,15.0,11.0,2.0,34.0,11.0,14.0,96.0,50.0,42.0,14.0,10.0,84.0,19.0,55.0,13.0,21.0,26.0,133.0,35.0,19.0,74.0,42.0,48.0,51.0,46.0,106.0,66.0,36.0,66.0,102.0,34.0,19.0,27.0,2.0,30.0,58.0,96.0,100.0,44.0,55.0,75.0,41.0,28.0,30.0,13.0,28.0,15.0,14.0,6.0,12.0,7.0,14.0,11.0,8.0,9.0,571.0,101.0,49.0,12.0,78.0,66.0,30.0,30.0,54.0,29.0,39.0,33.0,20.0,20.0,25.0,33.0,11.0,5.0,12.0,26.0,8.0,166.0,36.0,13.0,6.0,37.0,38.0,12.0,31.0,55.0,42.0,52.0,78.0,27.0,158.0,31.0,47.0,73.0,21.0,26.0,26.0,29.0,58.0,26.0,29.0,47.0,51.0,104.0,28.0,58.0,65.0,56.0,52.0,54.0,105.0,16.0,15.0,17.0,7.0,6.0,25.0,32.0,16.0,15.0,31.0,42.0,15.0,25.0,55.0,6.0,16.0,17.0,25.0,22.0,10.0,43.0,70.0,130.0,74.0,92.0,34.0,34.0,44.0,91.0,9.0,24.0,44.0,34.0,14.0,39.0,119.0,205.0,99.0,104.0,48.0,36.0,84.0,47.0,99.0,107.0,33.0,36.0,62.0,43.0,20.0,36.0,105.0,96.0,60.0,35.0,21.0,24.0,33.0,13.0,24.0,48.0,32.0,22.0,32.0,55.0,20.0,121.0,107.0,105.0,84.0,49.0,45.0,57.0,48.0,52.0,44.0,36.0,34.0,8.0,9.0,34.0,6.0,13.0,28.0,18.0,12.0,37.0,20.0,28.0,34.0,39.0,32.0,91.0,84.0,50.0,14.0,45.0,68.0,88.0,117.0,36.0,65.0,94.0,70.0,32.0,39.0,73.0,158.0,51.0,57.0,25.0,388.0,119.0,36.0,38.0,41.0,32.0,34.0,21.0,26.0,29.0,19.0,13.0,32.0,5.0,23.0,57.0,83.0,109.0,47.0,55.0,144.0,239.0,84.0,55.0,144.0,42.0,35.0,64.0,67.0,168.0,58.0,32.0,112.0,37.0,70.0,46.0,26.0,36.0,40.0,49.0,42.0,39.0,41.0,46.0,74.0,70.0,19.0,24.0,17.0,38.0,212.0,102.0,169.0,35.0,39.0,22.0,25.0,27.0,89.0,29.0,61.0,5.0,79.0,35.0,19.0,175.0,36.0,27.0,54.0,13.0,27.0,98.0,54.0
2023-04-01,197.0,45.0,41.0,33.0,49.0,15.0,79.0,12.0,27.0,16.0,10.0,53.0,3.0,6.0,4.0,110.0,26.0,22.0,11.0,36.0,49.0,31.0,26.0,44.0,25.0,32.0,84.0,10.0,47.0,24.0,29.0,11.0,16.0,13.0,19.0,10.0,24.0,50.0,33.0,92.0,152.0,42.0,25.0,38.0,135.0,11.0,26.0,27.0,14.0,10.0,15.0,44.0,16.0,23.0,22.0,37.0,24.0,20.0,16.0,11.0,21.0,8.0,4.0,28.0,17.0,18.0,11.0,30.0,16.0,20.0,21.0,12.0,9.0,20.0,11.0,7.0,27.0,23.0,29.0,41.0,37.0,54.0,22.0,20.0,121.0,19.0,6.0,73.0,17.0,21.0,6.0,41.0,17.0,31.0,235.0,58.0,34.0,46.0,28.0,22.0,31.0,10.0,12.0,8.0,7.0,22.0,45.0,6.0,11.0,72.0,214.0,17.0,61.0,53.0,46.0,14.0,28.0,32.0,25.0,45.0,51.0,64.0,33.0,17.0,26.0,19.0,71.0,50.0,49.0,89.0,23.0,36.0,42.0,18.0,7.0,35.0,8.0,7.0,21.0,42.0,48.0,65.0,69.0,40.0,9.0,31.0,23.0,84.0,49.0,11.0,13.0,15.0,11.0,2.0,34.0,11.0,14.0,97.0,50.0,42.0,14.0,10.0,84.0,19.0,55.0,13.0,21.0,26.0,133.0,35.0,19.0,74.0,42.0,48.0,51.0,46.0,106.0,66.0,36.0,66.0,102.0,34.0,19.0,27.0,2.0,30.0,58.0,96.0,100.0,44.0,55.0,75.0,41.0,28.0,30.0,13.0,28.0,15.0,14.0,6.0,12.0,7.0,14.0,11.0,8.0,9.0,573.0,101.0,49.0,12.0,78.0,66.0,30.0,30.0,54.0,29.0,39.0,33.0,20.0,20.0,25.0,33.0,11.0,5.0,12.0,26.0,8.0,166.0,36.0,13.0,6.0,37.0,38.0,12.0,31.0,55.0,42.0,52.0,78.0,27.0,158.0,31.0,47.0,73.0,21.0,26.0,26.0,29.0,58.0,26.0,29.0,47.0,51.0,104.0,28.0,58.0,65.0,56.0,52.0,54.0,106.0,16.0,15.0,17.0,7.0,6.0,25.0,32.0,16.0,15.0,31.0,42.0,15.0,25.0,55.0,6.0,16.0,17.0,25.0,22.0,10.0,43.0,70.0,130.0,74.0,92.0,34.0,34.0,44.0,91.0,9.0,24.0,44.0,34.0,14.0,39.0,119.0,205.0,99.0,104.0,48.0,36.0,84.0,47.0,99.0,107.0,33.0,36.0,62.0,43.0,20.0,36.0,105.0,96.0,60.0,35.0,21.0,24.0,33.0,13.0,24.0,48.0,32.0,22.0,32.0,55.0,20.0,121.0,107.0,105.0,84.0,49.0,45.0,57.0,48.0,52.0,44.0,36.0,34.0,8.0,9.0,34.0,6.0,13.0,28.0,18.0,12.0,37.0,20.0,28.0,34.0,39.0,32.0,91.0,84.0,50.0,14.0,45.0,68.0,88.0,117.0,36.0,65.0,94.0,70.0,32.0,39.0,73.0,158.0,51.0,57.0,25.0,388.0,119.0,36.0,38.0,41.0,32.0,34.0,21.0,26.0,29.0,19.0,13.0,32.0,5.0,23.0,57.0,83.0,109.0,48.0,55.0,144.0,239.0,84.0,55.0,144.0,43.0,35.0,64.0,67.0,168.0,58.0,33.0,112.0,37.0,70.0,46.0,26.0,36.0,40.0,49.0,42.0,39.0,41.0,46.0,74.0,70.0,19.0,24.0,17.0,38.0,212.0,102.0,169.0,35.0,39.0,22.0,25.0,27.0,89.0,29.0,61.0,5.0,79.0,35.0,19.0,175.0,36.0,27.0,54.0,13.0,27.0,98.0,54.0
2023-05-01,197.0,45.0,41.0,33.0,49.0,15.0,79.0,12.0,27.0,16.0,10.0,53.0,3.0,6.0,4.0,110.0,26.0,22.0,11.0,36.0,49.0,31.0,26.0,44.0,25.0,32.0,84.0,10.0,47.0,24.0,29.0,11.0,16.0,13.0,19.0,10.0,24.0,50.0,33.0,92.0,152.0,42.0,25.0,38.0,135.0,11.0,26.0,27.0,14.0,10.0,15.0,44.0,16.0,23.0,22.0,37.0,24.0,20.0,16.0,11.0,21.0,8.0,4.0,28.0,17.0,18.0,11.0,30.0,16.0,20.0,21.0,12.0,9.0,20.0,11.0,7.0,27.0,23.0,29.0,41.0,37.0,54.0,22.0,20.0,121.0,19.0,6.0,73.0,17.0,21.0,6.0,41.0,17.0,31.0,235.0,58.0,34.0,46.0,28.0,22.0,31.0,10.0,12.0,8.0,7.0,22.0,45.0,6.0,11.0,72.0,214.0,17.0,61.0,53.0,46.0,14.0,28.0,32.0,25.0,45.0,51.0,64.0,33.0,17.0,26.0,19.0,71.0,50.0,49.0,89.0,23.0,36.0,42.0,18.0,7.0,35.0,8.0,7.0,21.0,42.0,48.0,65.0,69.0,40.0,9.0,31.0,23.0,84.0,49.0,11.0,13.0,15.0,11.0,2.0,34.0,11.0,14.0,97.0,50.0,42.0,14.0,10.0,84.0,19.0,55.0,13.0,21.0,26.0,133.0,35.0,19.0,74.0,42.0,48.0,51.0,46.0,106.0,66.0,36.0,66.0,102.0,34.0,19.0,27.0,2.0,30.0,58.0,96.0,100.0,44.0,55.0,75.0,41.0,28.0,30.0,13.0,28.0,15.0,14.0,6.0,12.0,7.0,14.0,11.0,8.0,9.0,573.0,101.0,49.0,12.0,78.0,66.0,30.0,30.0,54.0,29.0,39.0,33.0,20.0,20.0,25.0,33.0,11.0,5.0,12.0,26.0,8.0,166.0,36.0,13.0,6.0,37.0,38.0,12.0,31.0,55.0,42.0,52.0,78.0,27.0,158.0,31.0,47.0,73.0,21.0,26.0,26.0,29.0,58.0,26.0,29.0,47.0,51.0,104.0,28.0,58.0,65.0,56.0,52.0,54.0,106.0,16.0,15.0,17.0,7.0,6.0,25.0,32.0,16.0,15.0,31.0,42.0,15.0,25.0,55.0,6.0,16.0,17.0,25.0,22.0,10.0,43.0,70.0,130.0,74.0,92.0,34.0,34.0,44.0,91.0,9.0,24.0,44.0,34.0,14.0,39.0,119.0,205.0,99.0,104.0,48.0,36.0,84.0,47.0,99.0,107.0,33.0,36.0,62.0,43.0,20.0,36.0,105.0,96.0,60.0,35.0,21.0,24.0,33.0,13.0,24.0,48.0,32.0,22.0,32.0,55.0,20.0,121.0,107.0,105.0,84.0,49.0,45.0,57.0,49.0,52.0,44.0,36.0,34.0,8.0,9.0,34.0,6.0,13.0,28.0,18.0,12.0,37.0,20.0,28.0,34.0,39.0,32.0,91.0,84.0,50.0,14.0,45.0,68.0,88.0,117.0,36.0,65.0,94.0,70.0,32.0,39.0,73.0,158.0,51.0,57.0,25.0,388.0,119.0,36.0,38.0,41.0,32.0,34.0,21.0,26.0,29.0,19.0,13.0,32.0,5.0,23.0,57.0,84.0,109.0,48.0,55.0,144.0,239.0,84.0,55.0,144.0,43.0,35.0,64.0,67.0,168.0,58.0,34.0,112.0,37.0,70.0,46.0,26.0,36.0,40.0,49.0,42.0,39.0,41.0,46.0,74.0,70.0,19.0,24.0,17.0,38.0,212.0,102.0,169.0,35.0,39.0,22.0,25.0,27.0,89.0,29.0,61.0,5.0,79.0,35.0,19.0,175.0,36.0,27.0,54.0,13.0,27.0,98.0,54.0
2023-06-01,197.0,45.0,41.0,33.0,49.0,15.0,79.0,12.0,27.0,16.0,10.0,53.0,3.0,6.0,4.0,110.0,26.0,22.0,11.0,36.0,49.0,31.0,26.0,44.0,25.0,32.0,84.0,10.0,47.0,24.0,29.0,11.0,16.0,13.0,19.0,10.0,24.0,50.0,33.0,92.0,152.0,42.0,25.0,38.0,135.0,11.0,26.0,27.0,14.0,10.0,15.0,44.0,16.0,23.0,22.0,37.0,24.0,20.0,16.0,11.0,21.0,8.0,4.0,28.0,17.0,18.0,11.0,30.0,16.0,20.0,21.0,12.0,9.0,20.0,11.0,7.0,27.0,23.0,29.0,41.0,37.0,54.0,22.0,20.0,121.0,19.0,6.0,73.0,17.0,21.0,6.0,41.0,17.0,31.0,235.0,58.0,34.0,46.0,28.0,22.0,31.0,10.0,12.0,8.0,7.0,22.0,45.0,6.0,11.0,72.0,214.0,17.0,61.0,53.0,46.0,14.0,28.0,32.0,25.0,45.0,51.0,64.0,33.0,17.0,26.0,19.0,71.0,50.0,49.0,89.0,23.0,36.0,42.0,18.0,7.0,35.0,8.0,7.0,21.0,42.0,48.0,65.0,69.0,40.0,9.0,31.0,23.0,84.0,49.0,11.0,13.0,15.0,11.0,2.0,34.0,11.0,14.0,97.0,50.0,42.0,14.0,10.0,84.0,19.0,55.0,13.0,21.0,26.0,133.0,35.0,19.0,74.0,42.0,48.0,51.0,46.0,106.0,66.0,36.0,66.0,102.0,34.0,19.0,27.0,2.0,30.0,58.0,96.0,100.0,44.0,55.0,75.0,41.0,28.0,30.0,13.0,28.0,15.0,14.0,6.0,12.0,7.0,14.0,11.0,8.0,9.0,573.0,101.0,49.0,12.0,78.0,66.0,30.0,30.0,54.0,29.0,39.0,33.0,20.0,20.0,25.0,33.0,11.0,5.0,12.0,26.0,8.0,166.0,36.0,13.0,6.0,37.0,38.0,12.0,31.0,55.0,42.0,52.0,78.0,27.0,158.0,31.0,47.0,73.0,21.0,26.0,26.0,29.0,58.0,26.0,29.0,47.0,51.0,104.0,28.0,58.0,65.0,56.0,52.0,54.0,106.0,16.0,15.0,17.0,7.0,6.0,25.0,32.0,16.0,15.0,31.0,42.0,15.0,25.0,55.0,6.0,16.0,17.0,25.0,22.0,10.0,43.0,70.0,130.0,74.0,92.0,34.0,34.0,44.0,91.0,9.0,24.0,44.0,34.0,14.0,39.0,119.0,205.0,99.0,104.0,48.0,36.0,84.0,47.0,99.0,107.0,33.0,36.0,62.0,43.0,20.0,36.0,105.0,96.0,60.0,35.0,21.0,24.0,33.0,13.0,24.0,48.0,32.0,22.0,32.0,55.0,20.0,121.0,107.0,105.0,84.0,49.0,45.0,57.0,49.0,52.0,44.0,36.0,34.0,8.0,9.0,34.0,6.0,13.0,28.0,18.0,12.0,37.0,20.0,28.0,34.0,39.0,32.0,91.0,84.0,50.0,14.0,45.0,68.0,88.0,117.0,36.0,65.0,94.0,70.0,32.0,39.0,73.0,158.0,51.0,57.0,25.0,388.0,119.0,36.0,38.0,41.0,32.0,34.0,21.0,26.0,29.0,19.0,13.0,32.0,5.0,23.0,57.0,84.0,109.0,48.0,55.0,144.0,239.0,84.0,55.0,144.0,43.0,35.0,64.0,67.0,168.0,58.0,34.0,112.0,37.0,70.0,46.0,26.0,36.0,40.0,49.0,42.0,39.0,41.0,46.0,74.0,70.0,19.0,24.0,17.0,38.0,212.0,102.0,169.0,35.0,39.0,22.0,25.0,27.0,89.0,29.0,61.0,5.0,79.0,35.0,19.0,175.0,36.0,27.0,54.0,13.0,27.0,98.0,54.0
2023-07-01,197.0,45.0,41.0,33.0,49.0,15.0,79.0,12.0,27.0,16.0,10.0,53.0,3.0,6.0,4.0,110.0,26.0,22.0,11.0,36.0,49.0,31.0,26.0,44.0,25.0,32.0,84.0,10.0,47.0,24.0,29.0,11.0,16.0,13.0,19.0,10.0,24.0,50.0,33.0,92.0,152.0,42.0,25.0,38.0,135.0,11.0,26.0,27.0,14.0,10.0,15.0,44.0,16.0,23.0,22.0,37.0,24.0,20.0,16.0,11.0,21.0,8.0,4.0,28.0,17.0,18.0,11.0,30.0,16.0,20.0,21.0,12.0,9.0,20.0,11.0,7.0,27.0,23.0,29.0,41.0,37.0,54.0,22.0,20.0,121.0,19.0,6.0,73.0,17.0,21.0,6.0,41.0,17.0,31.0,235.0,58.0,34.0,46.0,28.0,22.0,31.0,10.0,12.0,8.0,7.0,22.0,45.0,6.0,11.0,72.0,214.0,17.0,61.0,53.0,46.0,14.0,28.0,32.0,25.0,45.0,51.0,64.0,33.0,17.0,26.0,19.0,71.0,50.0,49.0,89.0,23.0,36.0,42.0,18.0,7.0,35.0,8.0,7.0,21.0,42.0,48.0,65.0,69.0,40.0,9.0,31.0,23.0,84.0,49.0,11.0,13.0,15.0,11.0,2.0,34.0,11.0,14.0,97.0,50.0,42.0,14.0,10.0,84.0,19.0,55.0,13.0,21.0,26.0,133.0,35.0,19.0,74.0,42.0,48.0,51.0,46.0,106.0,66.0,36.0,66.0,102.0,34.0,19.0,27.0,2.0,30.0,58.0,96.0,100.0,44.0,55.0,75.0,41.0,28.0,30.0,13.0,28.0,15.0,14.0,6.0,12.0,7.0,14.0,11.0,8.0,9.0,573.0,101.0,49.0,12.0,78.0,66.0,30.0,30.0,54.0,29.0,39.0,33.0,20.0,20.0,25.0,33.0,11.0,5.0,12.0,26.0,8.0,166.0,36.0,13.0,6.0,37.0,38.0,12.0,31.0,55.0,42.0,52.0,78.0,27.0,158.0,31.0,47.0,73.0,21.0,26.0,26.0,29.0,58.0,26.0,29.0,47.0,51.0,104.0,28.0,58.0,65.0,56.0,52.0,54.0,106.0,16.0,15.0,17.0,7.0,6.0,25.0,32.0,16.0,15.0,31.0,42.0,15.0,25.0,55.0,6.0,16.0,17.0,25.0,22.0,10.0,43.0,70.0,130.0,74.0,92.0,34.0,34.0,44.0,91.0,9.0,24.0,44.0,34.0,14.0,39.0,119.0,205.0,99.0,104.0,48.0,36.0,84.0,47.0,99.0,107.0,33.0,36.0,63.0,43.0,20.0,36.0,105.0,96.0,60.0,35.0,21.0,24.0,33.0,13.0,24.0,48.0,32.0,22.0,32.0,55.0,20.0,121.0,107.0,105.0,84.0,49.0,45.0,57.0,49.0,52.0,44.0,36.0,34.0,8.0,9.0,34.0,6.0,13.0,28.0,18.0,12.0,37.0,20.0,28.0,34.0,39.0,32.0,91.0,84.0,50.0,14.0,45.0,68.0,88.0,117.0,36.0,65.0,94.0,70.0,32.0,39.0,73.0,158.0,51.0,57.0,25.0,388.0,119.0,36.0,38.0,41.0,32.0,34.0,21.0,26.0,29.0,19.0,13.0,32.0,5.0,23.0,57.0,84.0,109.0,48.0,55.0,144.0,239.0,84.0,55.0,144.0,43.0,35.0,64.0,67.0,168.0,58.0,34.0,112.0,37.0,70.0,46.0,26.0,36.0,46.0,49.0,42.0,39.0,41.0,46.0,74.0,70.0,19.0,24.0,17.0,38.0,212.0,102.0,169.0,35.0,39.0,22.0,25.0,27.0,89.0,29.0,61.0,5.0,79.0,35.0,19.0,175.0,36.0,27.0,54.0,13.0,27.0,98.0,54.0
2023-08-01,197.0,45.0,41.0,33.0,49.0,15.0,79.0,12.0,27.0,16.0,10.0,53.0,3.0,6.0,4.0,110.0,26.0,22.0,11.0,36.0,49.0,31.0,26.0,44.0,25.0,32.0,84.0,10.0,47.0,24.0,29.0,11.0,16.0,13.0,19.0,10.0,24.0,50.0,33.0,92.0,152.0,42.0,25.0,38.0,135.0,11.0,26.0,27.0,14.0,10.0,15.0,44.0,16.0,23.0,22.0,37.0,24.0,20.0,16.0,11.0,21.0,8.0,4.0,28.0,17.0,18.0,11.0,30.0,16.0,20.0,21.0,12.0,9.0,20.0,11.0,7.0,27.0,23.0,29.0,41.0,37.0,54.0,22.0,21.0,121.0,19.0,6.0,73.0,17.0,21.0,6.0,41.0,17.0,31.0,235.0,58.0,34.0,46.0,28.0,22.0,31.0,10.0,12.0,8.0,7.0,22.0,45.0,6.0,11.0,72.0,214.0,17.0,61.0,53.0,46.0,14.0,28.0,32.0,25.0,45.0,51.0,64.0,33.0,17.0,26.0,19.0,71.0,50.0,49.0,89.0,23.0,36.0,42.0,18.0,7.0,35.0,8.0,7.0,21.0,42.0,48.0,65.0,69.0,40.0,9.0,31.0,23.0,84.0,49.0,11.0,13.0,15.0,11.0,2.0,34.0,11.0,14.0,97.0,50.0,42.0,14.0,10.0,84.0,19.0,55.0,13.0,21.0,26.0,133.0,35.0,19.0,74.0,42.0,48.0,51.0,46.0,106.0,66.0,36.0,66.0,102.0,34.0,19.0,27.0,2.0,30.0,58.0,96.0,100.0,44.0,55.0,75.0,41.0,28.0,30.0,13.0,28.0,15.0,14.0,6.0,12.0,7.0,14.0,11.0,8.0,9.0,573.0,101.0,49.0,12.0,78.0,66.0,30.0,30.0,54.0,29.0,39.0,33.0,20.0,20.0,25.0,33.0,11.0,5.0,12.0,26.0,8.0,166.0,36.0,13.0,6.0,37.0,38.0,12.0,31.0,55.0,42.0,52.0,78.0,27.0,158.0,31.0,47.0,73.0,21.0,26.0,26.0,29.0,58.0,26.0,29.0,47.0,51.0,104.0,28.0,58.0,65.0,56.0,52.0,54.0,106.0,16.0,15.0,17.0,7.0,6.0,25.0,32.0,16.0,15.0,31.0,42.0,15.0,25.0,55.0,6.0,16.0,17.0,25.0,22.0,10.0,43.0,70.0,130.0,74.0,92.0,34.0,34.0,44.0,91.0,9.0,24.0,44.0,34.0,14.0,39.0,119.0,205.0,99.0,104.0,48.0,36.0,84.0,47.0,99.0,107.0,33.0,36.0,63.0,43.0,20.0,36.0,105.0,96.0,60.0,35.0,21.0,24.0,33.0,13.0,24.0,48.0,32.0,22.0,32.0,55.0,20.0,121.0,107.0,105.0,84.0,49.0,45.0,57.0,49.0,52.0,44.0,36.0,34.0,8.0,9.0,34.0,6.0,13.0,28.0,18.0,12.0,37.0,20.0,28.0,34.0,39.0,32.0,91.0,84.0,50.0,14.0,45.0,68.0,88.0,117.0,36.0,65.0,94.0,70.0,32.0,39.0,73.0,158.0,51.0,57.0,25.0,388.0,119.0,36.0,38.0,41.0,32.0,34.0,21.0,26.0,29.0,19.0,13.0,32.0,5.0,23.0,57.0,84.0,109.0,48.0,55.0,144.0,239.0,84.0,55.0,144.0,43.0,35.0,64.0,67.0,168.0,58.0,34.0,112.0,37.0,70.0,46.0,26.0,36.0,46.0,49.0,42.0,39.0,41.0,46.0,74.0,70.0,19.0,24.0,17.0,38.0,212.0,102.0,169.0,35.0,39.0,22.0,25.0,27.0,89.0,29.0,61.0,5.0,79.0,35.0,19.0,175.0,36.0,27.0,54.0,13.0,27.0,98.0,54.0
2023-09-01,197.0,45.0,41.0,33.0,49.0,15.0,79.0,12.0,27.0,16.0,10.0,53.0,3.0,6.0,4.0,110.0,26.0,22.0,11.0,36.0,49.0,31.0,26.0,44.0,25.0,32.0,84.0,10.0,47.0,24.0,29.0,11.0,16.0,13.0,19.0,10.0,24.0,50.0,33.0,92.0,152.0,42.0,25.0,38.0,135.0,11.0,26.0,27.0,14.0,10.0,15.0,44.0,16.0,23.0,22.0,37.0,24.0,20.0,16.0,11.0,21.0,8.0,4.0,28.0,17.0,18.0,11.0,30.0,16.0,20.0,21.0,12.0,9.0,20.0,11.0,7.0,27.0,23.0,29.0,41.0,37.0,54.0,22.0,21.0,121.0,19.0,6.0,73.0,17.0,21.0,6.0,41.0,17.0,31.0,235.0,58.0,34.0,46.0,28.0,22.0,31.0,10.0,12.0,8.0,7.0,22.0,45.0,6.0,11.0,72.0,214.0,17.0,61.0,53.0,46.0,14.0,28.0,32.0,25.0,45.0,51.0,64.0,33.0,17.0,26.0,19.0,71.0,50.0,49.0,89.0,23.0,36.0,42.0,18.0,7.0,35.0,8.0,7.0,21.0,42.0,48.0,65.0,69.0,40.0,9.0,31.0,23.0,84.0,49.0,11.0,13.0,15.0,11.0,2.0,34.0,11.0,14.0,97.0,50.0,42.0,14.0,10.0,84.0,19.0,55.0,13.0,21.0,26.0,133.0,35.0,19.0,74.0,42.0,48.0,51.0,46.0,106.0,66.0,36.0,66.0,102.0,34.0,19.0,27.0,2.0,30.0,58.0,96.0,100.0,44.0,55.0,75.0,41.0,28.0,30.0,13.0,28.0,15.0,14.0,6.0,12.0,7.0,14.0,11.0,8.0,9.0,573.0,101.0,49.0,12.0,78.0,66.0,30.0,30.0,54.0,29.0,39.0,33.0,20.0,20.0,25.0,33.0,11.0,5.0,12.0,26.0,8.0,166.0,36.0,13.0,6.0,37.0,38.0,12.0,31.0,55.0,42.0,52.0,78.0,27.0,158.0,31.0,47.0,73.0,21.0,26.0,26.0,29.0,58.0,26.0,29.0,47.0,51.0,104.0,28.0,58.0,65.0,56.0,52.0,54.0,106.0,16.0,15.0,17.0,7.0,6.0,25.0,32.0,16.0,15.0,31.0,42.0,15.0,25.0,55.0,6.0,16.0,17.0,25.0,22.0,10.0,43.0,70.0,130.0,74.0,92.0,34.0,34.0,44.0,91.0,9.0,24.0,44.0,34.0,14.0,39.0,119.0,205.0,99.0,104.0,48.0,36.0,84.0,47.0,99.0,107.0,33.0,36.0,63.0,43.0,20.0,36.0,105.0,96.0,60.0,35.0,21.0,24.0,33.0,13.0,24.0,48.0,32.0,22.0,32.0,55.0,20.0,121.0,107.0,105.0,84.0,49.0,45.0,57.0,49.0,52.0,44.0,36.0,34.0,8.0,9.0,34.0,6.0,13.0,28.0,18.0,12.0,37.0,20.0,28.0,34.0,39.0,32.0,91.0,84.0,50.0,14.0,45.0,68.0,88.0,117.0,36.0,65.0,94.0,70.0,32.0,39.0,73.0,158.0,51.0,57.0,25.0,388.0,119.0,36.0,38.0,41.0,32.0,34.0,21.0,26.0,29.0,19.0,13.0,33.0,5.0,23.0,57.0,84.0,109.0,48.0,55.0,144.0,239.0,84.0,55.0,144.0,43.0,35.0,64.0,67.0,168.0,58.0,34.0,112.0,37.0,70.0,46.0,26.0,36.0,46.0,49.0,42.0,39.0,41.0,46.0,74.0,70.0,19.0,24.0,17.0,38.0,212.0,102.0,169.0,35.0,39.0,22.0,25.0,27.0,89.0,29.0,61.0,5.0,79.0,35.0,19.0,175.0,36.0,27.0,54.0,13.0,27.0,98.0,54.0
2023-10-01,197.0,45.0,41.0,33.0,49.0,15.0,79.0,12.0,27.0,16.0,10.0,53.0,3.0,6.0,4.0,110.0,26.0,22.0,11.0,36.0,49.0,31.0,26.0,44.0,25.0,32.0,84.0,10.0,47.0,24.0,29.0,11.0,16.0,13.0,19.0,10.0,24.0,50.0,33.0,92.0,152.0,42.0,25.0,38.0,135.0,11.0,26.0,27.0,14.0,10.0,15.0,44.0,16.0,23.0,22.0,37.0,24.0,20.0,16.0,11.0,21.0,8.0,4.0,28.0,17.0,18.0,11.0,30.0,16.0,20.0,21.0,12.0,9.0,20.0,11.0,7.0,27.0,23.0,29.0,41.0,37.0,54.0,22.0,21.0,121.0,19.0,6.0,73.0,17.0,21.0,6.0,41.0,17.0,31.0,235.0,58.0,34.0,46.0,28.0,22.0,31.0,10.0,12.0,8.0,7.0,22.0,45.0,6.0,11.0,72.0,214.0,17.0,61.0,53.0,46.0,14.0,28.0,32.0,25.0,45.0,51.0,64.0,33.0,17.0,26.0,19.0,71.0,50.0,49.0,89.0,23.0,36.0,42.0,18.0,7.0,35.0,8.0,7.0,21.0,42.0,48.0,65.0,69.0,40.0,9.0,31.0,23.0,84.0,49.0,11.0,13.0,15.0,11.0,2.0,34.0,11.0,14.0,97.0,50.0,42.0,14.0,10.0,84.0,19.0,55.0,13.0,21.0,26.0,133.0,35.0,19.0,74.0,42.0,48.0,51.0,46.0,106.0,66.0,36.0,66.0,102.0,34.0,19.0,27.0,2.0,30.0,58.0,96.0,100.0,44.0,55.0,75.0,41.0,28.0,30.0,13.0,28.0,15.0,14.0,6.0,12.0,7.0,14.0,11.0,8.0,9.0,573.0,101.0,49.0,12.0,78.0,66.0,30.0,30.0,54.0,29.0,39.0,33.0,20.0,20.0,25.0,33.0,11.0,5.0,12.0,26.0,8.0,166.0,36.0,13.0,6.0,37.0,38.0,12.0,31.0,55.0,42.0,52.0,78.0,27.0,158.0,31.0,47.0,73.0,21.0,26.0,26.0,29.0,58.0,26.0,29.0,47.0,51.0,104.0,28.0,58.0,65.0,56.0,52.0,54.0,106.0,16.0,15.0,17.0,7.0,6.0,25.0,32.0,16.0,15.0,31.0,43.0,15.0,25.0,55.0,6.0,16.0,17.0,25.0,22.0,10.0,43.0,70.0,130.0,74.0,92.0,34.0,34.0,44.0,91.0,9.0,24.0,44.0,34.0,14.0,39.0,119.0,205.0,99.0,104.0,48.0,36.0,84.0,47.0,99.0,107.0,33.0,36.0,63.0,43.0,20.0,36.0,105.0,96.0,60.0,35.0,21.0,24.0,33.0,13.0,24.0,48.0,32.0,22.0,32.0,55.0,20.0,121.0,107.0,105.0,84.0,49.0,45.0,57.0,49.0,52.0,44.0,36.0,34.0,8.0,9.0,34.0,6.0,13.0,28.0,18.0,12.0,37.0,20.0,28.0,34.0,39.0,32.0,91.0,84.0,50.0,14.0,45.0,68.0,88.0,117.0,36.0,65.0,94.0,70.0,32.0,39.0,73.0,158.0,51.0,57.0,25.0,388.0,119.0,36.0,38.0,41.0,32.0,34.0,21.0,26.0,29.0,19.0,13.0,33.0,5.0,23.0,57.0,84.0,109.0,48.0,55.0,144.0,239.0,84.0,55.0,144.0,43.0,35.0,64.0,67.0,168.0,58.0,34.0,112.0,37.0,70.0,46.0,26.0,36.0,46.0,49.0,42.0,39.0,41.0,46.0,74.0,70.0,19.0,24.0,17.0,38.0,212.0,102.0,169.0,35.0,39.0,22.0,25.0,27.0,89.0,29.0,61.0,5.0,79.0,35.0,19.0,175.0,36.0,27.0,54.0,13.0,27.0,98.0,54.0
2023-11-01,197.0,45.0,41.0,33.0,49.0,15.0,79.0,12.0,27.0,16.0,10.0,53.0,3.0,6.0,4.0,110.0,26.0,22.0,11.0,36.0,49.0,31.0,26.0,44.0,25.0,32.0,84.0,10.0,47.0,24.0,29.0,11.0,16.0,13.0,19.0,10.0,24.0,50.0,33.0,92.0,152.0,42.0,25.0,38.0,135.0,11.0,26.0,27.0,14.0,10.0,15.0,44.0,16.0,23.0,22.0,37.0,24.0,20.0,16.0,11.0,21.0,8.0,4.0,28.0,17.0,18.0,11.0,30.0,16.0,20.0,21.0,12.0,9.0,20.0,11.0,7.0,27.0,23.0,29.0,41.0,37.0,54.0,22.0,21.0,121.0,19.0,6.0,73.0,17.0,21.0,6.0,41.0,17.0,31.0,235.0,58.0,34.0,46.0,28.0,22.0,31.0,10.0,12.0,8.0,7.0,22.0,45.0,6.0,11.0,72.0,214.0,17.0,61.0,53.0,46.0,14.0,28.0,32.0,25.0,45.0,51.0,64.0,33.0,17.0,26.0,19.0,71.0,50.0,49.0,89.0,23.0,36.0,42.0,18.0,7.0,35.0,8.0,7.0,21.0,42.0,48.0,65.0,69.0,40.0,9.0,31.0,23.0,84.0,49.0,11.0,13.0,15.0,11.0,2.0,34.0,11.0,14.0,97.0,50.0,42.0,14.0,10.0,84.0,19.0,55.0,13.0,21.0,26.0,133.0,35.0,19.0,74.0,42.0,48.0,51.0,46.0,106.0,66.0,36.0,66.0,102.0,34.0,19.0,27.0,2.0,30.0,58.0,96.0,100.0,44.0,55.0,75.0,41.0,28.0,30.0,13.0,28.0,15.0,14.0,6.0,12.0,7.0,14.0,11.0,8.0,9.0,573.0,101.0,49.0,12.0,78.0,66.0,30.0,30.0,54.0,29.0,39.0,33.0,20.0,20.0,25.0,33.0,11.0,5.0,12.0,26.0,8.0,166.0,36.0,13.0,6.0,37.0,38.0,12.0,31.0,55.0,42.0,52.0,78.0,27.0,158.0,31.0,47.0,73.0,21.0,26.0,26.0,29.0,58.0,26.0,29.0,47.0,51.0,104.0,28.0,58.0,65.0,56.0,52.0,54.0,106.0,16.0,15.0,17.0,7.0,6.0,25.0,32.0,16.0,15.0,31.0,43.0,15.0,25.0,55.0,6.0,16.0,17.0,25.0,22.0,10.0,43.0,70.0,130.0,74.0,92.0,34.0,34.0,44.0,91.0,9.0,24.0,44.0,34.0,14.0,39.0,119.0,205.0,99.0,104.0,48.0,36.0,84.0,47.0,99.0,107.0,33.0,36.0,63.0,43.0,20.0,36.0,105.0,96.0,60.0,35.0,21.0,24.0,33.0,13.0,24.0,48.0,32.0,22.0,32.0,55.0,20.0,121.0,107.0,105.0,84.0,49.0,45.0,57.0,49.0,52.0,44.0,36.0,34.0,8.0,9.0,35.0,6.0,13.0,28.0,18.0,12.0,37.0,20.0,28.0,34.0,39.0,32.0,91.0,84.0,50.0,14.0,45.0,68.0,88.0,117.0,36.0,65.0,94.0,70.0,32.0,39.0,73.0,158.0,51.0,57.0,25.0,388.0,119.0,36.0,38.0,41.0,32.0,34.0,21.0,26.0,29.0,19.0,13.0,33.0,5.0,23.0,57.0,84.0,109.0,48.0,55.0,144.0,239.0,84.0,55.0,144.0,43.0,35.0,64.0,67.0,168.0,58.0,34.0,112.0,37.0,70.0,46.0,26.0,36.0,46.0,49.0,42.0,39.0,41.0,46.0,74.0,70.0,19.0,24.0,17.0,38.0,212.0,102.0,169.0,35.0,39.0,22.0,25.0,27.0,89.0,29.0,61.0,5.0,79.0,35.0,19.0,175.0,36.0,27.0,54.0,13.0,27.0,98.0,54.0
2023-12-01,197.0,45.0,41.0,33.0,49.0,15.0,79.0,12.0,27.0,16.0,10.0,53.0,3.0,6.0,4.0,110.0,26.0,22.0,11.0,36.0,49.0,31.0,26.0,44.0,25.0,32.0,84.0,10.0,47.0,24.0,29.0,11.0,16.0,13.0,19.0,10.0,24.0,50.0,33.0,92.0,152.0,42.0,25.0,38.0,135.0,11.0,26.0,27.0,14.0,10.0,15.0,44.0,16.0,23.0,22.0,37.0,24.0,20.0,16.0,11.0,21.0,8.0,4.0,28.0,17.0,18.0,11.0,30.0,16.0,20.0,21.0,12.0,9.0,20.0,11.0,7.0,27.0,23.0,29.0,41.0,37.0,54.0,22.0,21.0,121.0,19.0,6.0,73.0,17.0,21.0,6.0,41.0,17.0,31.0,235.0,58.0,34.0,46.0,28.0,22.0,31.0,10.0,12.0,8.0,7.0,22.0,45.0,6.0,11.0,72.0,214.0,17.0,61.0,53.0,46.0,14.0,28.0,32.0,25.0,45.0,51.0,64.0,33.0,17.0,26.0,19.0,71.0,50.0,49.0,89.0,23.0,36.0,42.0,18.0,7.0,35.0,8.0,7.0,21.0,42.0,48.0,65.0,69.0,40.0,9.0,31.0,23.0,84.0,49.0,11.0,13.0,15.0,11.0,2.0,34.0,11.0,14.0,97.0,50.0,42.0,14.0,10.0,84.0,19.0,55.0,13.0,21.0,26.0,133.0,35.0,19.0,74.0,42.0,48.0,51.0,46.0,106.0,66.0,36.0,66.0,102.0,34.0,19.0,27.0,2.0,30.0,58.0,96.0,100.0,44.0,55.0,75.0,41.0,28.0,30.0,13.0,28.0,15.0,14.0,6.0,12.0,7.0,14.0,11.0,8.0,9.0,573.0,101.0,49.0,12.0,78.0,66.0,30.0,30.0,54.0,29.0,39.0,33.0,20.0,20.0,25.0,33.0,11.0,5.0,12.0,26.0,8.0,166.0,36.0,13.0,6.0,37.0,38.0,12.0,31.0,55.0,42.0,52.0,78.0,27.0,158.0,31.0,47.0,73.0,21.0,26.0,26.0,29.0,58.0,26.0,29.0,47.0,51.0,104.0,28.0,58.0,65.0,56.0,52.0,54.0,106.0,16.0,15.0,17.0,7.0,6.0,25.0,32.0,16.0,15.0,31.0,43.0,15.0,25.0,55.0,6.0,16.0,17.0,25.0,22.0,10.0,43.0,70.0,130.0,74.0,92.0,34.0,34.0,44.0,91.0,9.0,24.0,44.0,34.0,14.0,39.0,119.0,205.0,99.0,104.0,48.0,36.0,84.0,47.0,99.0,107.0,33.0,36.0,63.0,43.0,20.0,36.0,105.0,96.0,60.0,35.0,21.0,24.0,33.0,13.0,24.0,48.0,32.0,22.0,32.0,55.0,20.0,121.0,107.0,105.0,84.0,49.0,45.0,57.0,49.0,52.0,44.0,36.0,34.0,8.0,9.0,35.0,6.0,13.0,28.0,18.0,12.0,37.0,20.0,28.0,34.0,39.0,32.0,91.0,84.0,50.0,14.0,45.0,68.0,88.0,117.0,36.0,65.0,94.0,70.0,32.0,39.0,73.0,158.0,51.0,57.0,25.0,388.0,119.0,36.0,38.0,41.0,32.0,34.0,21.0,26.0,29.0,19.0,13.0,33.0,5.0,23.0,57.0,84.0,109.0,48.0,55.0,144.0,239.0,84.0,55.0,144.0,43.0,35.0,64.0,67.0,168.0,58.0,34.0,112.0,37.0,70.0,46.0,26.0,36.0,46.0,49.0,42.0,39.0,41.0,46.0,74.0,70.0,19.0,24.0,17.0,38.0,212.0,102.0,169.0,35.0,39.0,22.0,25.0,27.0,89.0,29.0,61.0,5.0,79.0,35.0,19.0,175.0,36.0,27.0,54.0,13.0,27.0,98.0,54.0
2024-01-01,197.0,45.0,41.0,33.0,49.0,15.0,79.0,12.0,27.0,16.0,10.0,53.0,3.0,6.0,4.0,110.0,26.0,22.0,11.0,36.0,49.0,31.0,26.0,44.0,25.0,32.0,85.0,10.0,47.0,24.0,29.0,11.0,16.0,13.0,19.0,10.0,24.0,50.0,33.0,92.0,152.0,42.0,25.0,38.0,135.0,11.0,26.0,27.0,14.0,10.0,15.0,44.0,16.0,23.0,22.0,37.0,24.0,20.0,16.0,11.0,21.0,8.0,4.0,28.0,17.0,18.0,11.0,30.0,16.0,20.0,21.0,12.0,9.0,20.0,11.0,7.0,27.0,23.0,29.0,41.0,37.0,54.0,22.0,21.0,121.0,19.0,6.0,73.0,17.0,21.0,6.0,41.0,17.0,31.0,235.0,58.0,34.0,46.0,28.0,22.0,31.0,10.0,12.0,8.0,7.0,22.0,45.0,6.0,11.0,72.0,214.0,17.0,61.0,53.0,46.0,14.0,28.0,32.0,25.0,45.0,51.0,64.0,33.0,17.0,26.0,19.0,71.0,50.0,49.0,89.0,23.0,36.0,42.0,18.0,7.0,35.0,8.0,7.0,21.0,42.0,48.0,65.0,69.0,40.0,9.0,31.0,23.0,84.0,49.0,11.0,13.0,15.0,11.0,2.0,34.0,11.0,14.0,97.0,50.0,42.0,14.0,10.0,84.0,19.0,55.0,13.0,21.0,26.0,133.0,35.0,19.0,74.0,42.0,48.0,51.0,46.0,106.0,66.0,36.0,66.0,102.0,34.0,19.0,27.0,2.0,30.0,58.0,96.0,100.0,44.0,55.0,75.0,41.0,28.0,30.0,13.0,28.0,15.0,14.0,6.0,12.0,7.0,14.0,11.0,8.0,9.0,573.0,101.0,49.0,12.0,78.0,66.0,30.0,30.0,54.0,29.0,39.0,33.0,20.0,20.0,25.0,33.0,11.0,5.0,12.0,26.0,8.0,166.0,36.0,13.0,6.0,37.0,38.0,12.0,31.0,55.0,42.0,52.0,78.0,27.0,158.0,31.0,47.0,73.0,21.0,26.0,26.0,29.0,58.0,26.0,29.0,47.0,51.0,104.0,28.0,59.0,65.0,56.0,52.0,54.0,106.0,16.0,15.0,17.0,7.0,6.0,25.0,32.0,16.0,15.0,31.0,43.0,15.0,25.0,55.0,6.0,16.0,17.0,25.0,22.0,10.0,43.0,70.0,130.0,74.0,92.0,34.0,34.0,44.0,91.0,9.0,24.0,44.0,34.0,14.0,39.0,119.0,205.0,99.0,104.0,48.0,36.0,84.0,47.0,99.0,107.0,33.0,36.0,63.0,43.0,20.0,36.0,105.0,96.0,60.0,35.0,21.0,24.0,33.0,13.0,24.0,48.0,32.0,22.0,32.0,55.0,20.0,121.0,107.0,105.0,84.0,49.0,45.0,57.0,49.0,52.0,44.0,36.0,34.0,8.0,9.0,35.0,6.0,13.0,28.0,18.0,12.0,37.0,20.0,28.0,34.0,39.0,32.0,91.0,84.0,50.0,14.0,45.0,68.0,88.0,117.0,36.0,65.0,94.0,70.0,32.0,39.0,73.0,158.0,51.0,57.0,25.0,388.0,119.0,36.0,38.0,41.0,32.0,35.0,21.0,26.0,29.0,19.0,13.0,33.0,5.0,23.0,57.0,84.0,109.0,48.0,55.0,144.0,239.0,84.0,55.0,144.0,43.0,35.0,64.0,67.0,168.0,58.0,34.0,112.0,37.0,70.0,46.0,26.0,36.0,46.0,49.0,42.0,39.0,41.0,46.0,74.0,70.0,19.0,24.0,17.0,38.0,212.0,102.0,169.0,35.0,39.0,22.0,25.0,27.0,89.0,29.0,61.0,5.0,79.0,35.0,19.0,176.0,36.0,27.0,54.0,13.0,27.0,98.0,54.0
2024-02-01,197.0,45.0,41.0,33.0,49.0,15.0,79.0,12.0,27.0,16.0,10.0,53.0,3.0,6.0,4.0,110.0,26.0,22.0,11.0,37.0,49.0,31.0,26.0,44.0,25.0,32.0,85.0,10.0,47.0,24.0,29.0,11.0,16.0,13.0,19.0,10.0,24.0,50.0,33.0,92.0,158.0,42.0,25.0,38.0,135.0,11.0,26.0,27.0,14.0,10.0,15.0,44.0,16.0,23.0,22.0,37.0,24.0,20.0,16.0,11.0,21.0,8.0,4.0,28.0,17.0,18.0,11.0,30.0,16.0,20.0,21.0,12.0,9.0,20.0,11.0,7.0,27.0,23.0,29.0,41.0,37.0,54.0,22.0,21.0,121.0,19.0,6.0,73.0,17.0,21.0,6.0,41.0,17.0,31.0,235.0,58.0,34.0,46.0,28.0,22.0,31.0,10.0,12.0,8.0,7.0,22.0,45.0,6.0,11.0,72.0,215.0,17.0,61.0,53.0,46.0,14.0,28.0,32.0,25.0,45.0,51.0,64.0,33.0,17.0,26.0,19.0,71.0,50.0,49.0,89.0,23.0,36.0,42.0,18.0,7.0,35.0,8.0,7.0,21.0,42.0,48.0,65.0,69.0,40.0,9.0,31.0,23.0,84.0,49.0,11.0,13.0,15.0,11.0,2.0,34.0,11.0,14.0,97.0,50.0,42.0,14.0,10.0,85.0,19.0,55.0,13.0,21.0,26.0,133.0,35.0,19.0,74.0,42.0,48.0,51.0,46.0,106.0,66.0,36.0,66.0,102.0,34.0,19.0,27.0,2.0,30.0,58.0,96.0,100.0,44.0,55.0,75.0,41.0,28.0,30.0,13.0,28.0,15.0,14.0,6.0,12.0,7.0,14.0,11.0,8.0,9.0,573.0,101.0,49.0,12.0,78.0,66.0,30.0,30.0,54.0,29.0,39.0,33.0,20.0,20.0,25.0,33.0,11.0,6.0,12.0,26.0,8.0,166.0,36.0,13.0,6.0,37.0,38.0,12.0,31.0,55.0,42.0,52.0,78.0,27.0,158.0,31.0,47.0,73.0,21.0,26.0,26.0,29.0,58.0,26.0,29.0,47.0,51.0,104.0,28.0,59.0,65.0,56.0,52.0,54.0,106.0,16.0,15.0,17.0,7.0,6.0,25.0,32.0,16.0,15.0,31.0,43.0,15.0,25.0,55.0,6.0,16.0,17.0,25.0,22.0,10.0,43.0,70.0,130.0,74.0,92.0,34.0,34.0,44.0,91.0,9.0,24.0,44.0,34.0,14.0,39.0,119.0,205.0,99.0,104.0,48.0,36.0,84.0,47.0,99.0,107.0,33.0,36.0,63.0,43.0,20.0,36.0,105.0,96.0,60.0,35.0,21.0,24.0,33.0,13.0,24.0,48.0,32.0,22.0,32.0,55.0,20.0,121.0,107.0,105.0,84.0,49.0,45.0,57.0,49.0,52.0,44.0,36.0,34.0,8.0,9.0,35.0,6.0,13.0,28.0,18.0,12.0,37.0,20.0,28.0,34.0,39.0,32.0,91.0,84.0,50.0,14.0,45.0,68.0,88.0,117.0,36.0,65.0,94.0,70.0,32.0,39.0,73.0,158.0,51.0,57.0,25.0,388.0,119.0,36.0,38.0,41.0,32.0,35.0,21.0,26.0,29.0,19.0,13.0,33.0,5.0,23.0,57.0,84.0,109.0,48.0,55.0,144.0,239.0,84.0,55.0,144.0,43.0,35.0,64.0,67.0,168.0,58.0,34.0,112.0,37.0,70.0,46.0,26.0,36.0,46.0,49.0,42.0,39.0,41.0,46.0,74.0,70.0,19.0,24.0,17.0,38.0,212.0,102.0,169.0,35.0,39.0,22.0,25.0,27.0,89.0,29.0,61.0,5.0,79.0,35.0,19.0,176.0,36.0,27.0,54.0,13.0,27.0,98.0,54.0
2024-03-01,197.0,45.0,41.0,33.0,49.0,15.0,79.0,12.0,27.0,16.0,10.0,53.0,3.0,6.0,4.0,110.0,26.0,22.0,11.0,37.0,49.0,31.0,26.0,44.0,25.0,32.0,85.0,10.0,47.0,24.0,29.0,11.0,16.0,13.0,19.0,10.0,24.0,50.0,33.0,93.0,158.0,42.0,25.0,38.0,135.0,11.0,26.0,27.0,14.0,10.0,15.0,44.0,16.0,23.0,22.0,37.0,24.0,20.0,16.0,11.0,21.0,8.0,4.0,28.0,17.0,18.0,11.0,30.0,16.0,20.0,21.0,12.0,9.0,20.0,11.0,7.0,27.0,23.0,29.0,41.0,37.0,54.0,22.0,21.0,121.0,19.0,6.0,73.0,17.0,21.0,6.0,41.0,17.0,31.0,235.0,58.0,34.0,46.0,28.0,22.0,31.0,10.0,12.0,8.0,7.0,22.0,45.0,6.0,11.0,72.0,215.0,17.0,61.0,53.0,46.0,14.0,28.0,32.0,25.0,45.0,51.0,64.0,33.0,17.0,26.0,19.0,71.0,50.0,49.0,89.0,23.0,36.0,42.0,18.0,7.0,35.0,8.0,7.0,21.0,42.0,48.0,65.0,69.0,40.0,9.0,31.0,23.0,84.0,49.0,11.0,13.0,15.0,11.0,2.0,34.0,11.0,14.0,97.0,50.0,42.0,14.0,10.0,85.0,19.0,55.0,13.0,21.0,26.0,133.0,35.0,19.0,74.0,42.0,48.0,51.0,46.0,106.0,66.0,36.0,66.0,102.0,34.0,19.0,27.0,2.0,30.0,58.0,96.0,100.0,44.0,55.0,75.0,41.0,28.0,30.0,13.0,28.0,16.0,14.0,6.0,12.0,7.0,14.0,11.0,8.0,9.0,573.0,101.0,49.0,12.0,78.0,66.0,30.0,30.0,54.0,29.0,39.0,33.0,20.0,20.0,25.0,33.0,11.0,6.0,12.0,26.0,8.0,166.0,36.0,13.0,6.0,37.0,38.0,12.0,31.0,55.0,42.0,52.0,78.0,27.0,158.0,31.0,47.0,73.0,21.0,26.0,26.0,29.0,58.0,26.0,29.0,47.0,51.0,104.0,28.0,59.0,65.0,56.0,52.0,54.0,107.0,16.0,15.0,17.0,7.0,6.0,25.0,32.0,16.0,15.0,31.0,43.0,15.0,25.0,55.0,6.0,16.0,17.0,25.0,22.0,10.0,43.0,70.0,130.0,74.0,92.0,34.0,34.0,44.0,91.0,9.0,24.0,44.0,34.0,14.0,39.0,119.0,205.0,99.0,104.0,48.0,36.0,84.0,47.0,99.0,107.0,33.0,36.0,63.0,43.0,20.0,36.0,105.0,96.0,60.0,35.0,21.0,24.0,33.0,13.0,24.0,48.0,32.0,22.0,32.0,55.0,20.0,121.0,107.0,105.0,84.0,49.0,45.0,57.0,49.0,52.0,44.0,36.0,34.0,8.0,9.0,35.0,6.0,13.0,28.0,18.0,12.0,37.0,20.0,28.0,34.0,39.0,32.0,91.0,84.0,50.0,14.0,45.0,68.0,88.0,117.0,36.0,65.0,94.0,70.0,32.0,39.0,73.0,158.0,51.0,57.0,25.0,388.0,119.0,36.0,38.0,41.0,32.0,35.0,21.0,26.0,29.0,19.0,13.0,33.0,5.0,23.0,57.0,84.0,109.0,48.0,55.0,144.0,239.0,84.0,55.0,144.0,43.0,35.0,65.0,67.0,168.0,59.0,34.0,112.0,37.0,70.0,46.0,26.0,36.0,46.0,49.0,42.0,39.0,41.0,46.0,74.0,70.0,19.0,24.0,17.0,38.0,212.0,102.0,169.0,35.0,39.0,22.0,25.0,27.0,89.0,29.0,61.0,5.0,79.0,35.0,19.0,176.0,36.0,27.0,54.0,13.0,27.0,98.0,54.0
2024-04-01,197.0,45.0,41.0,33.0,49.0,15.0,79.0,12.0,27.0,16.0,10.0,53.0,3.0,6.0,4.0,110.0,26.0,22.0,11.0,37.0,49.0,31.0,26.0,44.0,25.0,32.0,85.0,10.0,47.0,24.0,29.0,11.0,16.0,13.0,19.0,10.0,24.0,51.0,33.0,93.0,158.0,42.0,25.0,38.0,136.0,11.0,26.0,27.0,14.0,10.0,15.0,44.0,16.0,23.0,23.0,38.0,24.0,20.0,16.0,11.0,21.0,8.0,4.0,28.0,17.0,18.0,11.0,30.0,16.0,20.0,21.0,12.0,9.0,20.0,11.0,7.0,27.0,23.0,29.0,41.0,37.0,54.0,22.0,21.0,121.0,19.0,6.0,73.0,17.0,21.0,6.0,41.0,17.0,31.0,235.0,58.0,34.0,46.0,28.0,22.0,31.0,10.0,12.0,8.0,7.0,22.0,45.0,6.0,11.0,72.0,215.0,17.0,61.0,53.0,46.0,14.0,28.0,32.0,25.0,45.0,51.0,64.0,33.0,17.0,26.0,19.0,71.0,50.0,49.0,89.0,23.0,36.0,42.0,18.0,7.0,35.0,8.0,7.0,21.0,42.0,48.0,65.0,69.0,40.0,9.0,31.0,23.0,84.0,49.0,11.0,13.0,15.0,11.0,2.0,34.0,11.0,14.0,97.0,50.0,42.0,14.0,10.0,85.0,19.0,55.0,13.0,21.0,26.0,133.0,35.0,19.0,74.0,42.0,48.0,51.0,46.0,106.0,66.0,36.0,66.0,102.0,34.0,19.0,27.0,2.0,30.0,58.0,96.0,100.0,44.0,55.0,75.0,41.0,28.0,30.0,13.0,28.0,16.0,14.0,6.0,12.0,7.0,14.0,11.0,8.0,9.0,573.0,101.0,49.0,12.0,78.0,66.0,30.0,30.0,54.0,29.0,39.0,33.0,20.0,20.0,25.0,33.0,11.0,6.0,12.0,26.0,8.0,166.0,37.0,13.0,6.0,37.0,38.0,12.0,31.0,55.0,42.0,52.0,78.0,27.0,158.0,31.0,47.0,73.0,21.0,26.0,26.0,29.0,58.0,26.0,29.0,47.0,51.0,104.0,28.0,59.0,65.0,56.0,52.0,54.0,107.0,16.0,15.0,17.0,7.0,6.0,25.0,32.0,16.0,15.0,31.0,43.0,15.0,25.0,55.0,6.0,16.0,17.0,25.0,22.0,10.0,43.0,70.0,130.0,74.0,92.0,34.0,34.0,44.0,91.0,9.0,24.0,44.0,34.0,14.0,39.0,119.0,205.0,99.0,104.0,48.0,36.0,84.0,47.0,99.0,107.0,33.0,36.0,63.0,43.0,20.0,36.0,105.0,96.0,60.0,35.0,21.0,24.0,33.0,13.0,24.0,48.0,32.0,22.0,32.0,55.0,20.0,121.0,107.0,105.0,84.0,49.0,45.0,57.0,49.0,52.0,44.0,36.0,34.0,8.0,9.0,35.0,6.0,13.0,28.0,18.0,12.0,37.0,20.0,28.0,34.0,39.0,32.0,91.0,84.0,50.0,14.0,45.0,68.0,88.0,117.0,36.0,65.0,94.0,70.0,32.0,39.0,73.0,158.0,51.0,57.0,25.0,388.0,119.0,37.0,38.0,41.0,32.0,35.0,21.0,26.0,29.0,19.0,13.0,33.0,5.0,23.0,57.0,84.0,109.0,48.0,55.0,144.0,239.0,84.0,55.0,144.0,43.0,35.0,65.0,67.0,168.0,59.0,34.0,112.0,37.0,70.0,46.0,26.0,36.0,46.0,49.0,42.0,39.0,41.0,46.0,74.0,70.0,19.0,24.0,17.0,38.0,212.0,102.0,169.0,35.0,39.0,22.0,25.0,27.0,89.0,29.0,61.0,5.0,79.0,35.0,19.0,176.0,36.0,27.0,54.0,13.0,27.0,98.0,54.0
2024-05-01,197.0,45.0,41.0,33.0,49.0,15.0,79.0,12.0,27.0,16.0,10.0,53.0,3.0,6.0,4.0,110.0,26.0,22.0,11.0,37.0,49.0,31.0,26.0,44.0,25.0,32.0,85.0,10.0,47.0,24.0,29.0,11.0,16.0,13.0,19.0,10.0,24.0,51.0,33.0,93.0,158.0,42.0,25.0,38.0,136.0,11.0,26.0,27.0,14.0,10.0,15.0,44.0,16.0,23.0,23.0,38.0,24.0,20.0,16.0,11.0,21.0,8.0,4.0,28.0,17.0,18.0,11.0,30.0,16.0,20.0,21.0,12.0,9.0,20.0,11.0,7.0,27.0,23.0,29.0,41.0,37.0,54.0,23.0,21.0,121.0,19.0,6.0,73.0,17.0,21.0,6.0,41.0,17.0,31.0,235.0,58.0,34.0,46.0,28.0,22.0,31.0,10.0,12.0,8.0,7.0,22.0,46.0,6.0,11.0,72.0,215.0,17.0,61.0,53.0,46.0,14.0,28.0,32.0,25.0,45.0,51.0,64.0,33.0,17.0,26.0,19.0,71.0,50.0,49.0,89.0,23.0,36.0,43.0,18.0,7.0,35.0,8.0,7.0,21.0,42.0,48.0,65.0,69.0,40.0,9.0,31.0,23.0,84.0,49.0,11.0,13.0,15.0,11.0,2.0,34.0,11.0,14.0,97.0,50.0,42.0,14.0,10.0,85.0,19.0,55.0,13.0,21.0,26.0,134.0,35.0,19.0,74.0,42.0,48.0,51.0,46.0,106.0,66.0,36.0,66.0,102.0,34.0,19.0,27.0,2.0,30.0,58.0,96.0,100.0,44.0,55.0,75.0,41.0,28.0,30.0,13.0,28.0,16.0,14.0,6.0,12.0,7.0,14.0,11.0,8.0,9.0,573.0,101.0,49.0,12.0,78.0,66.0,30.0,30.0,54.0,29.0,39.0,33.0,20.0,20.0,25.0,33.0,11.0,6.0,12.0,26.0,8.0,166.0,37.0,13.0,6.0,37.0,38.0,12.0,31.0,55.0,42.0,52.0,78.0,27.0,158.0,31.0,47.0,73.0,21.0,26.0,26.0,29.0,58.0,26.0,29.0,47.0,51.0,104.0,28.0,59.0,65.0,56.0,52.0,54.0,107.0,16.0,15.0,17.0,7.0,6.0,25.0,32.0,16.0,15.0,31.0,43.0,15.0,25.0,55.0,6.0,16.0,17.0,25.0,22.0,10.0,43.0,70.0,130.0,74.0,92.0,34.0,34.0,44.0,91.0,9.0,24.0,44.0,34.0,14.0,39.0,119.0,205.0,99.0,104.0,48.0,36.0,84.0,47.0,99.0,107.0,33.0,36.0,63.0,43.0,20.0,36.0,105.0,96.0,60.0,35.0,21.0,24.0,33.0,13.0,24.0,48.0,32.0,22.0,32.0,56.0,20.0,121.0,107.0,105.0,84.0,49.0,45.0,57.0,49.0,52.0,44.0,36.0,34.0,8.0,9.0,35.0,6.0,13.0,28.0,18.0,12.0,37.0,20.0,28.0,34.0,39.0,32.0,91.0,84.0,50.0,14.0,45.0,68.0,88.0,117.0,36.0,65.0,94.0,70.0,32.0,39.0,73.0,158.0,51.0,57.0,25.0,388.0,119.0,37.0,39.0,41.0,32.0,35.0,21.0,26.0,29.0,19.0,13.0,33.0,5.0,23.0,57.0,84.0,109.0,48.0,55.0,144.0,239.0,84.0,55.0,144.0,43.0,35.0,65.0,67.0,168.0,59.0,34.0,112.0,37.0,72.0,46.0,26.0,36.0,46.0,49.0,42.0,39.0,41.0,46.0,74.0,70.0,19.0,24.0,17.0,38.0,212.0,102.0,169.0,35.0,39.0,22.0,25.0,27.0,89.0,29.0,61.0,5.0,79.0,35.0,19.0,176.0,36.0,27.0,54.0,13.0,27.0,98.0,54.0
2024-06-01,197.0,45.0,41.0,33.0,49.0,15.0,79.0,12.0,27.0,16.0,10.0,53.0,3.0,6.0,4.0,110.0,26.0,22.0,11.0,37.0,49.0,31.0,26.0,44.0,25.0,32.0,85.0,10.0,47.0,24.0,29.0,11.0,16.0,13.0,20.0,10.0,24.0,52.0,33.0,93.0,158.0,42.0,25.0,38.0,136.0,11.0,26.0,27.0,14.0,10.0,15.0,44.0,16.0,23.0,23.0,38.0,24.0,20.0,16.0,11.0,22.0,8.0,4.0,28.0,17.0,18.0,11.0,33.0,16.0,20.0,21.0,12.0,9.0,20.0,11.0,7.0,27.0,23.0,30.0,41.0,37.0,54.0,23.0,21.0,121.0,19.0,6.0,73.0,17.0,21.0,6.0,41.0,17.0,31.0,235.0,58.0,34.0,46.0,28.0,22.0,31.0,10.0,12.0,8.0,7.0,22.0,46.0,6.0,11.0,72.0,215.0,17.0,61.0,53.0,46.0,14.0,29.0,32.0,25.0,45.0,51.0,64.0,33.0,17.0,26.0,19.0,71.0,50.0,49.0,89.0,23.0,36.0,43.0,18.0,7.0,35.0,8.0,7.0,21.0,42.0,48.0,65.0,69.0,40.0,9.0,31.0,23.0,84.0,49.0,11.0,13.0,15.0,11.0,2.0,34.0,11.0,14.0,97.0,50.0,42.0,14.0,10.0,85.0,19.0,55.0,13.0,21.0,26.0,134.0,35.0,19.0,74.0,42.0,48.0,51.0,46.0,106.0,66.0,36.0,66.0,105.0,34.0,19.0,27.0,2.0,30.0,58.0,96.0,100.0,44.0,55.0,75.0,41.0,28.0,30.0,13.0,28.0,16.0,14.0,6.0,12.0,7.0,15.0,12.0,10.0,9.0,573.0,101.0,49.0,12.0,78.0,66.0,30.0,30.0,54.0,29.0,39.0,33.0,20.0,20.0,25.0,33.0,11.0,6.0,12.0,26.0,8.0,166.0,37.0,13.0,6.0,37.0,38.0,12.0,31.0,55.0,42.0,52.0,78.0,27.0,158.0,33.0,49.0,73.0,21.0,26.0,26.0,29.0,58.0,26.0,29.0,47.0,51.0,104.0,28.0,59.0,65.0,56.0,52.0,54.0,107.0,16.0,15.0,17.0,7.0,6.0,25.0,32.0,16.0,15.0,31.0,43.0,15.0,25.0,55.0,6.0,16.0,17.0,25.0,22.0,10.0,43.0,70.0,130.0,74.0,92.0,34.0,34.0,44.0,91.0,9.0,24.0,44.0,34.0,14.0,39.0,119.0,205.0,99.0,104.0,48.0,36.0,84.0,47.0,99.0,107.0,33.0,36.0,64.0,43.0,20.0,36.0,105.0,96.0,60.0,35.0,21.0,24.0,33.0,14.0,25.0,48.0,32.0,22.0,32.0,56.0,20.0,121.0,107.0,105.0,84.0,49.0,45.0,57.0,49.0,52.0,44.0,36.0,34.0,8.0,9.0,35.0,6.0,13.0,28.0,18.0,12.0,37.0,20.0,28.0,34.0,39.0,32.0,91.0,84.0,50.0,14.0,45.0,68.0,88.0,117.0,36.0,65.0,94.0,70.0,32.0,39.0,73.0,158.0,52.0,57.0,25.0,396.0,119.0,37.0,39.0,41.0,32.0,35.0,21.0,26.0,29.0,19.0,13.0,33.0,5.0,23.0,57.0,84.0,109.0,48.0,55.0,144.0,239.0,84.0,55.0,144.0,44.0,37.0,66.0,67.0,168.0,59.0,34.0,113.0,37.0,72.0,46.0,26.0,36.0,46.0,49.0,42.0,39.0,41.0,46.0,74.0,70.0,19.0,24.0,17.0,38.0,212.0,102.0,169.0,35.0,39.0,22.0,25.0,27.0,90.0,29.0,61.0,5.0,79.0,35.0,19.0,176.0,36.0,27.0,54.0,13.0,27.0,98.0,54.0
2024-07-01,197.0,45.0,41.0,33.0,49.0,15.0,79.0,12.0,27.0,16.0,10.0,53.0,3.0,6.0,4.0,110.0,26.0,22.0,11.0,37.0,49.0,31.0,26.0,44.0,25.0,32.0,85.0,10.0,47.0,24.0,29.0,11.0,16.0,13.0,20.0,10.0,24.0,52.0,33.0,93.0,159.0,42.0,25.0,38.0,136.0,11.0,26.0,27.0,14.0,10.0,15.0,44.0,16.0,23.0,23.0,38.0,24.0,20.0,16.0,11.0,22.0,8.0,4.0,28.0,17.0,18.0,11.0,33.0,17.0,20.0,21.0,12.0,9.0,20.0,11.0,7.0,27.0,23.0,30.0,41.0,37.0,54.0,23.0,21.0,121.0,19.0,6.0,74.0,17.0,25.0,6.0,41.0,17.0,31.0,235.0,58.0,34.0,46.0,28.0,22.0,31.0,10.0,12.0,8.0,7.0,22.0,46.0,6.0,11.0,73.0,216.0,17.0,61.0,53.0,46.0,14.0,29.0,32.0,25.0,45.0,51.0,64.0,33.0,17.0,26.0,19.0,71.0,50.0,49.0,89.0,23.0,36.0,43.0,18.0,7.0,35.0,8.0,7.0,21.0,42.0,48.0,65.0,69.0,40.0,9.0,31.0,23.0,84.0,49.0,11.0,13.0,15.0,11.0,2.0,34.0,11.0,14.0,97.0,50.0,42.0,14.0,10.0,86.0,19.0,55.0,13.0,21.0,26.0,134.0,35.0,19.0,74.0,42.0,48.0,51.0,46.0,106.0,66.0,36.0,66.0,105.0,34.0,19.0,27.0,2.0,30.0,58.0,96.0,100.0,44.0,55.0,75.0,41.0,28.0,30.0,13.0,28.0,16.0,14.0,6.0,12.0,7.0,15.0,12.0,10.0,9.0,573.0,101.0,49.0,12.0,78.0,67.0,30.0,31.0,54.0,29.0,39.0,37.0,20.0,20.0,25.0,33.0,11.0,6.0,12.0,26.0,8.0,166.0,37.0,13.0,7.0,37.0,38.0,12.0,31.0,55.0,42.0,52.0,78.0,27.0,158.0,33.0,49.0,73.0,21.0,26.0,26.0,29.0,58.0,26.0,29.0,47.0,51.0,104.0,28.0,59.0,65.0,56.0,52.0,54.0,107.0,16.0,15.0,17.0,7.0,6.0,25.0,32.0,16.0,15.0,31.0,43.0,15.0,25.0,55.0,6.0,16.0,17.0,25.0,22.0,10.0,43.0,70.0,130.0,76.0,92.0,34.0,34.0,44.0,91.0,9.0,24.0,44.0,34.0,14.0,39.0,119.0,205.0,99.0,104.0,48.0,36.0,84.0,50.0,99.0,107.0,33.0,36.0,64.0,43.0,20.0,36.0,105.0,96.0,60.0,35.0,21.0,24.0,33.0,14.0,25.0,48.0,32.0,22.0,32.0,56.0,20.0,121.0,107.0,105.0,84.0,49.0,45.0,57.0,49.0,52.0,44.0,36.0,34.0,8.0,9.0,35.0,6.0,13.0,28.0,18.0,12.0,37.0,20.0,28.0,34.0,39.0,32.0,91.0,84.0,50.0,14.0,45.0,68.0,88.0,117.0,36.0,65.0,94.0,70.0,32.0,39.0,73.0,158.0,52.0,59.0,26.0,396.0,119.0,37.0,40.0,41.0,33.0,36.0,21.0,28.0,29.0,19.0,13.0,33.0,5.0,23.0,57.0,84.0,109.0,48.0,55.0,144.0,239.0,84.0,55.0,146.0,44.0,37.0,66.0,67.0,168.0,59.0,34.0,113.0,37.0,72.0,46.0,26.0,36.0,46.0,49.0,42.0,39.0,41.0,46.0,74.0,70.0,19.0,24.0,17.0,38.0,212.0,102.0,169.0,35.0,39.0,22.0,26.0,27.0,90.0,29.0,61.0,5.0,79.0,35.0,19.0,176.0,36.0,27.0,54.0,13.0,27.0,98.0,54.0
2024-08-01,197.0,45.0,41.0,33.0,49.0,15.0,79.0,12.0,27.0,16.0,10.0,53.0,3.0,6.0,4.0,110.0,26.0,22.0,11.0,37.0,49.0,31.0,26.0,44.0,25.0,32.0,85.0,10.0,47.0,24.0,29.0,11.0,16.0,13.0,20.0,10.0,24.0,52.0,33.0,93.0,159.0,42.0,25.0,38.0,136.0,11.0,26.0,27.0,14.0,10.0,15.0,44.0,16.0,23.0,23.0,38.0,24.0,20.0,16.0,11.0,22.0,8.0,4.0,28.0,17.0,18.0,11.0,33.0,17.0,20.0,21.0,12.0,9.0,20.0,11.0,7.0,27.0,23.0,30.0,41.0,37.0,54.0,23.0,21.0,121.0,19.0,6.0,74.0,17.0,25.0,6.0,41.0,17.0,31.0,235.0,58.0,34.0,46.0,28.0,22.0,31.0,10.0,12.0,8.0,7.0,22.0,46.0,6.0,11.0,73.0,219.0,17.0,61.0,53.0,46.0,14.0,29.0,32.0,25.0,45.0,51.0,64.0,33.0,17.0,26.0,19.0,71.0,50.0,49.0,89.0,23.0,36.0,43.0,18.0,7.0,35.0,8.0,7.0,21.0,42.0,48.0,65.0,69.0,40.0,9.0,31.0,23.0,84.0,49.0,11.0,13.0,15.0,11.0,2.0,34.0,11.0,14.0,97.0,50.0,42.0,14.0,10.0,86.0,19.0,55.0,13.0,21.0,26.0,134.0,36.0,19.0,74.0,42.0,48.0,51.0,46.0,106.0,66.0,36.0,66.0,105.0,34.0,19.0,27.0,2.0,30.0,58.0,96.0,100.0,44.0,55.0,75.0,41.0,28.0,30.0,13.0,28.0,16.0,14.0,6.0,12.0,7.0,15.0,12.0,10.0,9.0,573.0,101.0,49.0,12.0,78.0,67.0,30.0,31.0,54.0,30.0,39.0,37.0,20.0,20.0,25.0,33.0,11.0,6.0,12.0,26.0,8.0,166.0,37.0,13.0,7.0,37.0,38.0,12.0,31.0,55.0,42.0,52.0,78.0,27.0,158.0,33.0,49.0,73.0,21.0,26.0,26.0,29.0,58.0,26.0,29.0,47.0,51.0,104.0,28.0,59.0,65.0,56.0,52.0,54.0,107.0,16.0,15.0,17.0,7.0,6.0,25.0,32.0,16.0,15.0,31.0,43.0,15.0,25.0,55.0,6.0,16.0,17.0,25.0,22.0,10.0,43.0,70.0,130.0,76.0,92.0,34.0,34.0,44.0,91.0,9.0,24.0,44.0,34.0,14.0,39.0,119.0,205.0,99.0,104.0,48.0,36.0,84.0,50.0,99.0,107.0,33.0,36.0,64.0,43.0,20.0,36.0,105.0,96.0,60.0,35.0,21.0,24.0,33.0,14.0,25.0,48.0,32.0,22.0,32.0,56.0,20.0,121.0,107.0,105.0,84.0,49.0,45.0,57.0,49.0,52.0,44.0,36.0,34.0,8.0,9.0,35.0,6.0,13.0,28.0,18.0,12.0,37.0,20.0,28.0,34.0,39.0,32.0,91.0,84.0,50.0,14.0,45.0,68.0,88.0,117.0,37.0,65.0,94.0,70.0,32.0,39.0,73.0,158.0,52.0,59.0,26.0,396.0,119.0,37.0,40.0,41.0,33.0,36.0,21.0,28.0,29.0,19.0,13.0,33.0,5.0,23.0,57.0,84.0,109.0,48.0,55.0,144.0,239.0,84.0,55.0,146.0,45.0,37.0,66.0,67.0,168.0,59.0,34.0,113.0,37.0,72.0,46.0,26.0,36.0,46.0,49.0,42.0,39.0,41.0,46.0,74.0,70.0,19.0,24.0,17.0,38.0,212.0,102.0,169.0,35.0,39.0,22.0,26.0,27.0,90.0,29.0,61.0,5.0,79.0,35.0,19.0,176.0,36.0,27.0,54.0,13.0,27.0,98.0,54.0
2024-09-01,197.0,45.0,42.0,33.0,50.0,15.0,79.0,12.0,27.0,16.0,10.0,53.0,3.0,6.0,4.0,110.0,26.0,22.0,11.0,37.0,49.0,31.0,26.0,44.0,25.0,32.0,85.0,10.0,47.0,24.0,29.0,11.0,16.0,13.0,20.0,10.0,24.0,52.0,34.0,93.0,159.0,42.0,25.0,38.0,136.0,11.0,26.0,27.0,14.0,10.0,15.0,44.0,16.0,23.0,23.0,38.0,24.0,20.0,16.0,11.0,22.0,8.0,4.0,28.0,17.0,18.0,11.0,33.0,17.0,20.0,21.0,12.0,9.0,20.0,11.0,7.0,27.0,23.0,30.0,41.0,37.0,54.0,23.0,21.0,121.0,19.0,6.0,74.0,17.0,25.0,6.0,41.0,17.0,31.0,235.0,58.0,34.0,46.0,28.0,22.0,31.0,10.0,12.0,8.0,7.0,22.0,46.0,6.0,11.0,73.0,219.0,17.0,61.0,53.0,46.0,14.0,29.0,32.0,25.0,45.0,51.0,64.0,33.0,17.0,26.0,19.0,71.0,50.0,49.0,89.0,23.0,36.0,43.0,18.0,7.0,35.0,8.0,7.0,21.0,42.0,48.0,65.0,69.0,40.0,9.0,31.0,23.0,84.0,49.0,11.0,13.0,15.0,11.0,2.0,34.0,11.0,14.0,97.0,50.0,42.0,14.0,10.0,86.0,19.0,55.0,13.0,21.0,26.0,134.0,36.0,19.0,74.0,42.0,48.0,51.0,46.0,106.0,66.0,36.0,66.0,105.0,34.0,19.0,27.0,2.0,30.0,58.0,96.0,100.0,44.0,55.0,75.0,41.0,28.0,30.0,13.0,28.0,16.0,14.0,6.0,12.0,7.0,15.0,12.0,10.0,9.0,574.0,101.0,49.0,12.0,78.0,67.0,30.0,31.0,54.0,30.0,39.0,37.0,20.0,20.0,25.0,33.0,11.0,6.0,12.0,26.0,8.0,166.0,37.0,13.0,7.0,37.0,38.0,12.0,31.0,55.0,42.0,52.0,78.0,27.0,158.0,33.0,49.0,73.0,21.0,26.0,26.0,29.0,58.0,26.0,29.0,47.0,51.0,104.0,28.0,59.0,65.0,56.0,52.0,54.0,107.0,16.0,15.0,17.0,7.0,6.0,25.0,32.0,16.0,15.0,31.0,43.0,15.0,25.0,55.0,6.0,16.0,17.0,25.0,22.0,10.0,43.0,70.0,130.0,76.0,92.0,34.0,34.0,44.0,91.0,9.0,24.0,44.0,34.0,14.0,39.0,120.0,205.0,99.0,104.0,48.0,36.0,84.0,50.0,99.0,107.0,33.0,36.0,64.0,43.0,20.0,36.0,105.0,96.0,60.0,35.0,21.0,24.0,33.0,14.0,25.0,48.0,32.0,22.0,32.0,56.0,20.0,121.0,107.0,105.0,84.0,49.0,45.0,57.0,49.0,52.0,44.0,36.0,34.0,8.0,9.0,35.0,6.0,13.0,28.0,18.0,12.0,37.0,20.0,28.0,34.0,39.0,32.0,91.0,84.0,50.0,14.0,45.0,68.0,88.0,117.0,37.0,65.0,94.0,71.0,32.0,39.0,73.0,158.0,52.0,59.0,26.0,396.0,119.0,37.0,40.0,41.0,33.0,36.0,21.0,28.0,29.0,19.0,13.0,33.0,5.0,23.0,57.0,84.0,109.0,48.0,55.0,144.0,239.0,84.0,55.0,150.0,45.0,37.0,66.0,67.0,168.0,59.0,34.0,113.0,37.0,72.0,46.0,26.0,36.0,46.0,49.0,42.0,39.0,41.0,46.0,74.0,70.0,19.0,24.0,17.0,38.0,212.0,102.0,169.0,35.0,39.0,22.0,26.0,27.0,90.0,29.0,61.0,5.0,79.0,35.0,19.0,176.0,36.0,27.0,54.0,14.0,27.0,98.0,54.0
2024-10-01,197.0,45.0,42.0,33.0,50.0,16.0,79.0,12.0,27.0,16.0,10.0,53.0,3.0,6.0,4.0,110.0,26.0,22.0,11.0,37.0,49.0,31.0,26.0,44.0,25.0,32.0,85.0,10.0,47.0,24.0,29.0,11.0,16.0,13.0,20.0,10.0,24.0,52.0,36.0,93.0,159.0,44.0,25.0,38.0,136.0,11.0,26.0,27.0,14.0,10.0,15.0,44.0,16.0,23.0,23.0,38.0,24.0,20.0,16.0,11.0,22.0,8.0,4.0,28.0,17.0,18.0,11.0,33.0,17.0,20.0,21.0,12.0,9.0,20.0,11.0,7.0,27.0,23.0,30.0,41.0,37.0,54.0,23.0,21.0,121.0,19.0,6.0,74.0,17.0,25.0,6.0,41.0,17.0,31.0,235.0,58.0,34.0,46.0,28.0,22.0,31.0,10.0,12.0,8.0,7.0,22.0,46.0,6.0,11.0,73.0,219.0,17.0,61.0,53.0,46.0,14.0,29.0,32.0,25.0,45.0,51.0,64.0,33.0,17.0,26.0,19.0,71.0,50.0,49.0,89.0,23.0,36.0,43.0,18.0,7.0,35.0,8.0,7.0,21.0,42.0,48.0,65.0,69.0,40.0,9.0,31.0,23.0,84.0,49.0,11.0,13.0,15.0,11.0,2.0,34.0,11.0,14.0,97.0,50.0,42.0,14.0,10.0,86.0,19.0,55.0,13.0,21.0,26.0,134.0,36.0,19.0,74.0,42.0,48.0,51.0,46.0,106.0,66.0,36.0,66.0,105.0,34.0,19.0,27.0,2.0,30.0,58.0,96.0,100.0,44.0,55.0,75.0,41.0,28.0,30.0,13.0,28.0,16.0,14.0,6.0,12.0,7.0,15.0,12.0,10.0,10.0,574.0,101.0,49.0,12.0,78.0,67.0,30.0,31.0,54.0,30.0,39.0,37.0,20.0,20.0,25.0,33.0,11.0,6.0,12.0,26.0,8.0,166.0,37.0,13.0,7.0,37.0,38.0,12.0,31.0,55.0,42.0,52.0,78.0,27.0,158.0,33.0,49.0,73.0,21.0,26.0,26.0,29.0,58.0,26.0,29.0,47.0,51.0,104.0,28.0,59.0,65.0,56.0,52.0,54.0,107.0,16.0,15.0,17.0,7.0,6.0,25.0,32.0,16.0,15.0,31.0,43.0,15.0,25.0,55.0,6.0,16.0,17.0,25.0,22.0,10.0,43.0,70.0,130.0,76.0,92.0,34.0,34.0,44.0,91.0,9.0,24.0,44.0,34.0,14.0,39.0,120.0,205.0,99.0,104.0,48.0,36.0,84.0,50.0,99.0,107.0,33.0,36.0,64.0,43.0,20.0,36.0,105.0,96.0,60.0,35.0,21.0,24.0,33.0,14.0,25.0,48.0,32.0,22.0,32.0,56.0,20.0,121.0,107.0,105.0,84.0,49.0,45.0,57.0,49.0,52.0,44.0,36.0,34.0,8.0,9.0,35.0,6.0,13.0,28.0,18.0,12.0,37.0,20.0,28.0,34.0,39.0,32.0,91.0,84.0,50.0,14.0,45.0,68.0,88.0,117.0,37.0,65.0,94.0,71.0,32.0,39.0,73.0,158.0,52.0,59.0,26.0,397.0,119.0,37.0,40.0,41.0,33.0,36.0,21.0,28.0,29.0,19.0,13.0,33.0,5.0,23.0,57.0,84.0,109.0,48.0,55.0,144.0,239.0,84.0,55.0,150.0,45.0,37.0,66.0,67.0,168.0,59.0,34.0,113.0,37.0,72.0,46.0,26.0,36.0,46.0,49.0,42.0,39.0,41.0,46.0,74.0,70.0,19.0,24.0,17.0,38.0,212.0,102.0,169.0,35.0,39.0,22.0,26.0,27.0,90.0,29.0,61.0,5.0,79.0,35.0,19.0,176.0,36.0,27.0,54.0,14.0,27.0,98.0,54.0
2024-11-01,197.0,45.0,42.0,33.0,50.0,16.0,79.0,12.0,27.0,16.0,10.0,53.0,3.0,6.0,4.0,110.0,26.0,22.0,11.0,37.0,49.0,31.0,26.0,44.0,25.0,32.0,85.0,10.0,47.0,24.0,29.0,11.0,16.0,13.0,20.0,10.0,24.0,52.0,36.0,93.0,159.0,44.0,25.0,38.0,136.0,11.0,26.0,27.0,14.0,10.0,15.0,44.0,16.0,23.0,23.0,38.0,24.0,20.0,16.0,11.0,22.0,8.0,4.0,28.0,17.0,18.0,11.0,33.0,17.0,20.0,21.0,12.0,9.0,20.0,11.0,7.0,27.0,23.0,30.0,41.0,37.0,54.0,23.0,21.0,121.0,19.0,6.0,74.0,17.0,25.0,6.0,41.0,17.0,31.0,235.0,58.0,34.0,46.0,28.0,22.0,31.0,10.0,12.0,8.0,7.0,22.0,46.0,6.0,11.0,73.0,220.0,17.0,61.0,53.0,46.0,14.0,29.0,32.0,25.0,45.0,51.0,64.0,33.0,17.0,26.0,19.0,71.0,50.0,49.0,89.0,23.0,36.0,43.0,18.0,7.0,35.0,8.0,7.0,21.0,42.0,48.0,65.0,69.0,40.0,9.0,31.0,23.0,84.0,49.0,11.0,13.0,15.0,11.0,2.0,34.0,11.0,14.0,97.0,50.0,42.0,14.0,10.0,86.0,19.0,55.0,13.0,21.0,26.0,134.0,36.0,19.0,74.0,42.0,48.0,51.0,46.0,106.0,66.0,36.0,66.0,105.0,34.0,19.0,27.0,2.0,30.0,58.0,96.0,100.0,44.0,55.0,75.0,41.0,28.0,30.0,13.0,28.0,16.0,14.0,6.0,12.0,7.0,15.0,12.0,10.0,10.0,574.0,101.0,49.0,12.0,78.0,67.0,30.0,31.0,54.0,30.0,39.0,37.0,20.0,20.0,25.0,33.0,12.0,6.0,12.0,26.0,8.0,166.0,37.0,13.0,7.0,37.0,38.0,12.0,31.0,55.0,42.0,52.0,78.0,27.0,158.0,33.0,49.0,73.0,21.0,26.0,26.0,29.0,58.0,26.0,29.0,47.0,51.0,104.0,28.0,60.0,65.0,56.0,52.0,54.0,107.0,16.0,15.0,17.0,7.0,6.0,25.0,32.0,16.0,15.0,31.0,43.0,15.0,25.0,55.0,6.0,16.0,17.0,25.0,22.0,10.0,43.0,70.0,130.0,76.0,92.0,34.0,34.0,44.0,91.0,9.0,24.0,44.0,34.0,14.0,39.0,120.0,205.0,99.0,104.0,48.0,36.0,84.0,50.0,99.0,107.0,33.0,36.0,64.0,43.0,20.0,36.0,105.0,96.0,60.0,35.0,21.0,24.0,33.0,14.0,25.0,48.0,32.0,22.0,32.0,56.0,20.0,121.0,107.0,105.0,84.0,49.0,45.0,57.0,49.0,52.0,44.0,36.0,34.0,8.0,9.0,35.0,6.0,13.0,28.0,18.0,12.0,37.0,20.0,28.0,34.0,39.0,32.0,91.0,84.0,50.0,14.0,45.0,68.0,89.0,117.0,37.0,65.0,94.0,71.0,32.0,39.0,73.0,158.0,52.0,59.0,26.0,397.0,119.0,37.0,40.0,41.0,33.0,36.0,21.0,28.0,29.0,19.0,13.0,33.0,5.0,23.0,57.0,84.0,109.0,48.0,55.0,144.0,239.0,84.0,55.0,150.0,45.0,37.0,66.0,67.0,168.0,59.0,34.0,113.0,37.0,72.0,46.0,26.0,36.0,46.0,49.0,42.0,39.0,41.0,46.0,74.0,70.0,19.0,24.0,17.0,38.0,212.0,102.0,169.0,35.0,39.0,22.0,26.0,27.0,90.0,29.0,61.0,5.0,79.0,35.0,19.0,176.0,36.0,27.0,54.0,14.0,27.0,98.0,54.0
2024-12-01,200.0,45.0,42.0,33.0,50.0,16.0,79.0,12.0,27.0,16.0,10.0,53.0,3.0,6.0,4.0,110.0,26.0,22.0,11.0,38.0,49.0,31.0,26.0,45.0,25.0,33.0,85.0,10.0,47.0,24.0,29.0,11.0,16.0,13.0,20.0,12.0,24.0,53.0,36.0,93.0,160.0,44.0,25.0,38.0,136.0,11.0,26.0,27.0,14.0,10.0,15.0,44.0,16.0,23.0,23.0,38.0,24.0,20.0,16.0,11.0,22.0,8.0,4.0,28.0,17.0,18.0,11.0,33.0,17.0,20.0,21.0,12.0,9.0,20.0,11.0,7.0,27.0,23.0,30.0,41.0,37.0,54.0,23.0,21.0,121.0,19.0,6.0,74.0,17.0,25.0,7.0,41.0,17.0,31.0,235.0,58.0,34.0,46.0,28.0,22.0,31.0,10.0,12.0,8.0,7.0,22.0,46.0,6.0,11.0,73.0,221.0,17.0,61.0,53.0,46.0,14.0,29.0,32.0,25.0,45.0,51.0,64.0,33.0,17.0,26.0,19.0,71.0,50.0,49.0,89.0,23.0,36.0,43.0,18.0,7.0,35.0,8.0,7.0,21.0,42.0,48.0,65.0,69.0,40.0,9.0,32.0,23.0,84.0,49.0,11.0,13.0,15.0,11.0,2.0,35.0,11.0,14.0,97.0,50.0,42.0,14.0,10.0,86.0,19.0,55.0,13.0,21.0,26.0,134.0,36.0,19.0,74.0,42.0,48.0,51.0,46.0,106.0,66.0,36.0,66.0,105.0,34.0,19.0,27.0,2.0,30.0,58.0,96.0,100.0,44.0,55.0,75.0,41.0,28.0,30.0,13.0,28.0,16.0,14.0,6.0,12.0,7.0,15.0,12.0,10.0,10.0,576.0,101.0,49.0,12.0,78.0,67.0,30.0,31.0,54.0,31.0,39.0,37.0,20.0,21.0,25.0,34.0,12.0,6.0,12.0,26.0,8.0,166.0,37.0,13.0,7.0,37.0,38.0,12.0,31.0,55.0,42.0,52.0,78.0,27.0,158.0,33.0,49.0,73.0,21.0,26.0,26.0,29.0,58.0,26.0,29.0,47.0,51.0,104.0,28.0,60.0,65.0,56.0,52.0,54.0,107.0,16.0,15.0,17.0,7.0,6.0,25.0,32.0,16.0,15.0,31.0,43.0,15.0,25.0,56.0,6.0,16.0,17.0,25.0,22.0,10.0,43.0,70.0,130.0,76.0,92.0,34.0,34.0,44.0,91.0,9.0,24.0,44.0,34.0,14.0,39.0,120.0,205.0,99.0,104.0,48.0,36.0,85.0,50.0,99.0,107.0,33.0,36.0,64.0,43.0,20.0,36.0,107.0,96.0,60.0,35.0,21.0,24.0,33.0,14.0,25.0,48.0,32.0,22.0,32.0,56.0,20.0,121.0,107.0,105.0,84.0,49.0,45.0,57.0,49.0,52.0,44.0,36.0,34.0,8.0,9.0,35.0,6.0,13.0,28.0,18.0,12.0,39.0,20.0,28.0,34.0,39.0,32.0,91.0,85.0,50.0,14.0,45.0,68.0,89.0,117.0,37.0,65.0,94.0,71.0,32.0,39.0,73.0,158.0,52.0,59.0,26.0,397.0,119.0,37.0,40.0,42.0,33.0,36.0,21.0,28.0,30.0,19.0,13.0,33.0,5.0,23.0,57.0,84.0,109.0,48.0,55.0,144.0,239.0,86.0,55.0,150.0,45.0,38.0,66.0,67.0,168.0,59.0,34.0,113.0,37.0,72.0,46.0,26.0,36.0,46.0,49.0,42.0,39.0,41.0,46.0,74.0,70.0,19.0,24.0,17.0,38.0,212.0,102.0,169.0,35.0,39.0,23.0,26.0,27.0,90.0,29.0,61.0,5.0,79.0,35.0,19.0,176.0,36.0,27.0,54.0,14.0,27.0,98.0,54.0
